9.76279, -7.51455, -0.224252, 1.78076, -6.0426, -3.70073, -2.85768, 2.5274, 5.19175, 9.5459, -1.82866, -9.57091, -4.45674, -7.20763, 6.59388, -0.657823, 7.07004, 2.69136, 8.1476, 6.6769, -9.38445, -1.12067, 9.78014, -1.5377, 9.40245, 0.999135, -8.14037, 6.76639, -2.71073, -8.92782, -6.75554, -6.6381, -7.48189, -0.434876, -1.73488, 6.68151, -9.33938, -2.29453, -1.12336, -1.92993, 1.49475, 5.32787, -2.02514, -7.11823, 3.16982, 9.6672, -1.28494, 1.63963, 0.598909, 3.25266, -8.63364, -0.0944207, 1.07992, -7.02164, 6.75268, 5.38182, 1.76169, 2.97085, 8.95411, -9.62512, 3.94235, -5.47594, 5.79493, 2.91474, 2.3609, 1.03317, 5.31539, -6.40788, 7.98114, -4.18875, -4.13653, -8.16457, -1.92375, -8.28124, 5.35045, -4.05495, -5.69448, 8.35586, -2.67007, -0.785461, -4.42499, -8.57621, 1.9111, -2.80503, -9.34404, -3.54339, 3.38448, -7.24768, 2.08102, 8.82576, 7.60298, -9.42283, -6.12174, -9.97631, -5.43625, -1.08978, 3.89622, -3.52086, 9.07561, -9.99089, 7.07226, -5.3709, -9.2214, 0.350686, 2.29544, -6.51385, -3.81598, 1.58795, -2.09044, 4.65827, -0.823896, -8.11653, 6.2323, -0.0919867, -9.05153, -0.875869, -1.04705, -7.55342, -3.76799, 9.55813, 2.32716, -8.15754, -3.21492, -1.53365, 4.7899, -8.2307, 3.13286, 8.68954, 4.05813, -2.15192, 2.5592, -3.63903, -4.29167, -0.730961, 5.63405, 2.97782, -8.93949, 
	x	y	theta : ul	ur

Starting Conditions: -1.80681, 0, 0, 0, 1.16871, 0, 
0.1: -1.806984	 -0.000002	 1.167377 : -0.100	 0.099 	Dst/Theta/Speed: 	1.806984	1.167377	0.003498 	F: 0.00 (0)
0.2: -1.807508	 -0.000006	 1.163391 : -0.100	 0.099 	Dst/Theta/Speed: 	1.807508	1.163391	0.006996 	F: 0.00 (0)
0.3: -1.808383	 -0.000004	 1.156748 : -0.100	 0.099 	Dst/Theta/Speed: 	1.808383	1.156748	0.010497 	F: 0.00 (0)
0.4: -1.809608	 0.000007	 1.147449 : -0.100	 0.099 	Dst/Theta/Speed: 	1.809608	1.147449	0.014000 	F: 0.00 (0)
0.5: -1.811183	 0.000033	 1.135494 : -0.100	 0.099 	Dst/Theta/Speed: 	1.811183	1.135494	0.017508 	F: 0.00 (0)
0.6: -1.813109	 0.000080	 1.120883 : -0.100	 0.099 	Dst/Theta/Speed: 	1.813109	1.120883	0.021022 	F: 0.00 (0)
0.7: -1.815386	 0.000152	 1.103617 : -0.100	 0.099 	Dst/Theta/Speed: 	1.815386	1.103617	0.024543 	F: 0.00 (0)
0.8: -1.818015	 0.000254	 1.083698 : -0.100	 0.099 	Dst/Theta/Speed: 	1.818015	1.083698	0.028073 	F: 0.00 (0)
0.9: -1.820996	 0.000392	 1.061128 : -0.100	 0.099 	Dst/Theta/Speed: 	1.820996	1.061128	0.031615 	F: 0.00 (0)
1.0: -1.824331	 0.000568	 1.035908 : -0.100	 0.099 	Dst/Theta/Speed: 	1.824331	1.035908	0.035174 	F: 0.00 (0)
1.1: -1.828020	 0.000787	 1.008043 : -0.100	 0.098 	Dst/Theta/Speed: 	1.828020	1.008043	0.038752 	F: 0.00 (0)
1.2: -1.832067	 0.001053	 0.977535 : -0.100	 0.098 	Dst/Theta/Speed: 	1.832067	0.977535	0.042357 	F: 0.00 (0)
1.3: -1.836473	 0.001368	 0.944390 : -0.100	 0.098 	Dst/Theta/Speed: 	1.836474	0.944390	0.045996 	F: 0.00 (0)
1.4: -1.841243	 0.001734	 0.908616 : -0.100	 0.097 	Dst/Theta/Speed: 	1.841244	0.908616	0.049681 	F: 0.00 (0)
1.5: -1.846381	 0.002152	 0.870220 : -0.100	 0.096 	Dst/Theta/Speed: 	1.846382	0.870220	0.053425 	F: 0.00 (0)
1.6: -1.851894	 0.002622	 0.829216 : -0.100	 0.095 	Dst/Theta/Speed: 	1.851896	0.829216	0.057247 	F: 0.00 (0)
1.7: -1.857792	 0.003144	 0.785617 : -0.100	 0.094 	Dst/Theta/Speed: 	1.857794	0.785617	0.061168 	F: 0.00 (0)
1.8: -1.864085	 0.003716	 0.739440 : -0.100	 0.093 	Dst/Theta/Speed: 	1.864089	0.739440	0.065218 	F: 0.00 (0)
1.9: -1.870789	 0.004335	 0.690710 : -0.100	 0.091 	Dst/Theta/Speed: 	1.870794	0.690710	0.069436 	F: 0.00 (0)
2.0: -1.877924	 0.004997	 0.639454 : -0.100	 0.088 	Dst/Theta/Speed: 	1.877930	0.639454	0.073884 	F: 0.00 (0)
2.1: -1.885519	 0.005695	 0.585717 : -0.100	 0.084 	Dst/Theta/Speed: 	1.885528	0.585717	0.078686 	F: 0.00 (0)
2.2: -1.893627	 0.006412	 0.529570 : -0.100	 0.077 	Dst/Theta/Speed: 	1.893638	0.529570	0.084117 	F: 0.00 (0)
2.3: -1.902346	 0.007114	 0.471156 : -0.100	 0.063 	Dst/Theta/Speed: 	1.902359	0.471156	0.090850 	F: 0.00 (0)
2.4: -1.911884	 0.007728	 0.410769 : -0.100	 0.033 	Dst/Theta/Speed: 	1.911900	0.410769	0.100364 	F: 0.00 (0)
2.5: -1.922610	 0.008148	 0.348918 : -0.100	 -0.014 	Dst/Theta/Speed: 	1.922628	0.348918	0.114405 	F: 0.00 (0)
2.6: -1.934958	 0.008299	 0.286183 : -0.100	 -0.054 	Dst/Theta/Speed: 	1.934976	0.286183	0.132646 	F: 0.00 (0)
2.7: -1.949251	 0.008202	 0.222969 : -0.100	 -0.075 	Dst/Theta/Speed: 	1.949269	0.222969	0.153292 	F: 0.00 (0)
2.8: -1.965666	 0.007956	 0.159473 : -0.100	 -0.083 	Dst/Theta/Speed: 	1.965682	0.159473	0.175076 	F: 0.00 (0)
2.9: -1.984284	 0.007697	 0.095772 : -0.100	 -0.086 	Dst/Theta/Speed: 	1.984299	0.095772	0.197343 	F: 0.00 (0)
3.0: -2.005134	 0.007577	 0.031881 : -0.100	 -0.086 	Dst/Theta/Speed: 	2.005149	0.031881	0.219695 	F: 0.00 (0)
3.1: -2.028206	 0.007749	 -0.032227 : -0.100	 -0.082 	Dst/Theta/Speed: 	2.028220	-0.032227	0.241756 	F: 0.00 (0)
3.2: -2.053437	 0.008364	 -0.096631 : -0.100	 -0.074 	Dst/Theta/Speed: 	2.053454	-0.096631	0.263036 	F: 0.00 (0)
3.3: -2.080709	 0.009559	 -0.161476 : -0.100	 -0.060 	Dst/Theta/Speed: 	2.080731	-0.161476	0.282934 	F: 0.00 (0)
3.4: -2.109847	 0.011446	 -0.226974 : -0.100	 -0.042 	Dst/Theta/Speed: 	2.109878	-0.226974	0.301049 	F: 0.00 (0)
3.5: -2.140658	 0.014113	 -0.293353 : -0.100	 -0.026 	Dst/Theta/Speed: 	2.140704	-0.293353	0.317474 	F: 0.00 (0)
3.6: -2.172973	 0.017629	 -0.360808 : -0.100	 -0.013 	Dst/Theta/Speed: 	2.173044	-0.360808	0.332640 	F: 0.00 (0)
3.7: -2.206664	 0.022057	 -0.429472 : -0.100	 -0.005 	Dst/Theta/Speed: 	2.206774	-0.429472	0.346980 	F: 0.00 (0)
3.8: -2.241637	 0.027464	 -0.499429 : -0.100	 -0.001 	Dst/Theta/Speed: 	2.241805	-0.499429	0.360794 	F: 0.00 (0)
3.9: -2.277818	 0.033916	 -0.570726 : -0.100	 0.002 	Dst/Theta/Speed: 	2.278071	-0.570726	0.374247 	F: 0.00 (0)
4.0: -2.315142	 0.041481	 -0.643395 : -0.100	 0.004 	Dst/Theta/Speed: 	2.315514	-0.643395	0.387404 	F: 0.00 (0)
4.1: -2.353544	 0.050224	 -0.717458 : -0.100	 0.005 	Dst/Theta/Speed: 	2.354079	-0.717458	0.400269 	F: 0.00 (0)
4.2: -2.392954	 0.060205	 -0.792937 : -0.100	 0.007 	Dst/Theta/Speed: 	2.393711	-0.792937	0.412805 	F: 0.00 (0)
4.3: -2.433297	 0.071478	 -0.869859 : -0.100	 0.009 	Dst/Theta/Speed: 	2.434346	-0.869859	0.424953 	F: 0.00 (0)
4.4: -2.474491	 0.084085	 -0.948259 : -0.100	 0.012 	Dst/Theta/Speed: 	2.475920	-0.948259	0.436641 	F: 0.00 (0)
4.5: -2.516450	 0.098055	 -1.028178 : -0.100	 0.016 	Dst/Theta/Speed: 	2.518360	-1.028178	0.447800 	F: 0.00 (0)
4.6: -2.559081	 0.113403	 -1.109671 : -0.100	 0.020 	Dst/Theta/Speed: 	2.561592	-1.109671	0.458371 	F: 0.00 (0)
4.7: -2.602291	 0.130132	 -1.192798 : -0.100	 0.025 	Dst/Theta/Speed: 	2.605543	-1.192798	0.468322 	F: 0.00 (0)
4.8: -2.645992	 0.148231	 -1.277622 : -0.100	 0.030 	Dst/Theta/Speed: 	2.650141	-1.277622	0.477652 	F: 0.00 (0)
4.9: -2.690097	 0.167684	 -1.364205 : -0.100	 0.034 	Dst/Theta/Speed: 	2.695318	-1.364205	0.486405 	F: 0.00 (0)
5.0: -2.734529	 0.188474	 -1.452597 : -0.100	 0.037 	Dst/Theta/Speed: 	2.741016	-1.452597	0.494665 	F: 0.00 (0)
5.1: -2.779216	 0.210595	 -1.542825 : -0.100	 0.038 	Dst/Theta/Speed: 	2.787183	-1.542825	0.502554 	F: 0.00 (0)
5.2: -2.824089	 0.234067	 -1.634873 : -0.100	 0.035 	Dst/Theta/Speed: 	2.833772	-1.634873	0.510227 	F: 0.00 (0)
5.3: -2.869071	 0.258950	 -1.728664 : -0.100	 0.026 	Dst/Theta/Speed: 	2.880734	-1.728664	0.517842 	F: 0.00 (0)
5.4: -2.914064	 0.285358	 -1.824032 : -0.100	 0.010 	Dst/Theta/Speed: 	2.928002	-1.824032	0.525494 	F: 0.00 (0)
5.5: -2.958926	 0.313453	 -1.920731 : -0.100	 -0.011 	Dst/Theta/Speed: 	2.975483	-1.920731	0.533095 	F: 0.00 (0)
5.6: -3.003476	 0.343395	 -2.018488 : -0.100	 -0.031 	Dst/Theta/Speed: 	3.023043	-2.018488	0.540353 	F: 0.00 (0)
5.7: -3.047507	 0.375290	 -2.117068 : -0.100	 -0.046 	Dst/Theta/Speed: 	3.070528	-2.117068	0.546943 	F: 0.00 (0)
5.8: -3.090814	 0.409171	 -2.216306 : -0.100	 -0.056 	Dst/Theta/Speed: 	3.117780	-2.216306	0.552643 	F: 0.00 (0)
5.9: -3.133194	 0.445011	 -2.316079 : -0.100	 -0.064 	Dst/Theta/Speed: 	3.164639	-2.316079	0.557314 	F: 0.00 (0)
6.0: -3.174454	 0.482747	 -2.416291 : -0.100	 -0.070 	Dst/Theta/Speed: 	3.210951	-2.416291	0.560852 	F: 0.00 (0)
6.1: -3.214409	 0.522281	 -2.516859 : -0.100	 -0.076 	Dst/Theta/Speed: 	3.256563	-2.516859	0.563179 	F: 0.00 (0)
6.2: -3.252886	 0.563487	 -2.617711 : -0.100	 -0.081 	Dst/Theta/Speed: 	3.301331	-2.617711	0.564229 	F: 0.00 (0)
6.3: -3.289724	 0.606213	 -2.718778 : -0.100	 -0.087 	Dst/Theta/Speed: 	3.345113	-2.718778	0.563930 	F: 0.00 (0)
6.4: -3.324773	 0.650290	 -2.819984 : -0.100	 -0.092 	Dst/Theta/Speed: 	3.387771	-2.819984	0.562203 	F: 0.00 (0)
6.5: -3.357899	 0.695528	 -2.921261 : -0.100	 -0.097 	Dst/Theta/Speed: 	3.429175	-2.921261	0.559033 	F: 0.00 (0)
6.6: -3.389006	 0.741711	 -3.022564 : -0.100	 -0.099 	Dst/Theta/Speed: 	3.469221	-3.022564	0.554478 	F: 0.00 (0)
6.7: -3.418041	 0.788613	 -3.123874 : -0.100	 -0.100 	Dst/Theta/Speed: 	3.507836	-3.123874	0.548592 	F: 0.00 (0)
6.8: -3.444981	 0.835997	 -3.225187 : -0.100	 -0.100 	Dst/Theta/Speed: 	3.544966	-3.225187	0.541404 	F: 0.00 (0)
6.9: -3.469832	 0.883629	 2.956684 : -0.100	 -0.100 	Dst/Theta/Speed: 	3.580577	2.956684	0.532940 	F: 0.00 (0)
7.0: -3.493596	 0.931496	 2.854038 : -0.100	 0.100 	Dst/Theta/Speed: 	3.615646	2.854038	0.535895 	F: 0.00 (0)
7.1: -3.517259	 0.979742	 2.748729 : -0.100	 0.100 	Dst/Theta/Speed: 	3.651165	2.748729	0.538839 	F: 0.00 (0)
7.2: -3.540820	 1.028365	 2.640757 : -0.100	 0.100 	Dst/Theta/Speed: 	3.687132	2.640757	0.541772 	F: 0.00 (0)
7.3: -3.564278	 1.077363	 2.530122 : -0.100	 0.100 	Dst/Theta/Speed: 	3.723545	2.530122	0.544694 	F: 0.00 (0)
7.4: -3.587631	 1.126733	 2.416824 : -0.100	 0.100 	Dst/Theta/Speed: 	3.760402	2.416824	0.547605 	F: 0.00 (0)
7.5: -3.610877	 1.176475	 2.300863 : -0.100	 0.100 	Dst/Theta/Speed: 	3.797700	2.300863	0.550504 	F: 0.00 (0)
7.6: -3.634016	 1.226585	 2.182239 : -0.100	 0.100 	Dst/Theta/Speed: 	3.835438	2.182239	0.553393 	F: 0.00 (0)
7.7: -3.657047	 1.277063	 2.060952 : -0.100	 0.100 	Dst/Theta/Speed: 	3.873613	2.060952	0.556271 	F: 0.00 (0)
7.8: -3.679967	 1.327905	 1.937003 : -0.100	 0.100 	Dst/Theta/Speed: 	3.912224	1.937003	0.559137 	F: 0.00 (0)
7.9: -3.702777	 1.379111	 1.810390 : -0.100	 0.100 	Dst/Theta/Speed: 	3.951267	1.810390	0.561991 	F: 0.00 (0)
8.0: -3.725475	 1.430678	 1.681116 : -0.100	 0.100 	Dst/Theta/Speed: 	3.990740	1.681116	0.564826 	F: 0.00 (0)
8.1: -3.748060	 1.482599	 1.549185 : -0.100	 0.099 	Dst/Theta/Speed: 	4.030639	1.549185	0.567582 	F: 0.00 (0)
8.2: -3.770534	 1.534823	 1.414664 : -0.100	 0.090 	Dst/Theta/Speed: 	4.070947	1.414664	0.569513 	F: 0.00 (0)
8.3: -3.792942	 1.587152	 1.277821 : -0.100	 0.059 	Dst/Theta/Speed: 	4.111625	1.277821	0.569056 	F: 0.00 (0)
8.4: -3.815390	 1.639366	 1.138974 : -0.100	 0.042 	Dst/Theta/Speed: 	4.152676	1.138974	0.567744 	F: 0.00 (0)
8.5: -3.837997	 1.691377	 0.998290 : -0.100	 0.034 	Dst/Theta/Speed: 	4.194160	0.998290	0.566628 	F: 0.00 (0)
8.6: -3.860891	 1.743167	 0.855870 : -0.100	 0.027 	Dst/Theta/Speed: 	4.236167	0.855870	0.566028 	F: 0.00 (0)
8.7: -3.884210	 1.794741	 0.711823 : -0.100	 0.018 	Dst/Theta/Speed: 	4.278806	0.711823	0.566198 	F: 0.00 (0)
8.8: -3.908112	 1.846125	 0.566272 : -0.100	 0.008 	Dst/Theta/Speed: 	4.322212	0.566272	0.567490 	F: 0.00 (0)
8.9: -3.932760	 1.897381	 0.419344 : -0.100	 -0.001 	Dst/Theta/Speed: 	4.366538	0.419344	0.570300 	F: 0.00 (0)
9.0: -3.958298	 1.948615	 0.271144 : -0.100	 -0.008 	Dst/Theta/Speed: 	4.411941	0.271144	0.574941 	F: 0.00 (0)
9.1: -3.984839	 1.999971	 0.121751 : -0.100	 -0.013 	Dst/Theta/Speed: 	4.458567	0.121751	0.581560 	F: 0.00 (0)
9.2: -4.012452	 2.051623	 -0.028785 : -0.100	 -0.016 	Dst/Theta/Speed: 	4.506543	-0.028785	0.590146 	F: 0.00 (0)
9.3: -4.041168	 2.103759	 -0.180436 : -0.100	 -0.017 	Dst/Theta/Speed: 	4.555967	-0.180436	0.600565 	F: 0.00 (0)
9.4: -4.070974	 2.156574	 -0.333186 : -0.100	 -0.018 	Dst/Theta/Speed: 	4.606913	-0.333186	0.612594 	F: 0.00 (0)
9.5: -4.101821	 2.210259	 -0.487033 : -0.100	 -0.018 	Dst/Theta/Speed: 	4.659418	-0.487033	0.625923 	F: 0.00 (0)
9.6: -4.133614	 2.264988	 -0.641995 : -0.100	 -0.015 	Dst/Theta/Speed: 	4.713485	-0.641995	0.640102 	F: 0.00 (0)
9.7: -4.166210	 2.320899	 -0.798134 : -0.100	 -0.008 	Dst/Theta/Speed: 	4.769054	-0.798134	0.654369 	F: 0.00 (0)
9.8: -4.199397	 2.378043	 -0.955616 : -0.100	 0.010 	Dst/Theta/Speed: 	4.825974	-0.955616	0.667303 	F: 0.00 (0)
9.9: -4.232900	 2.436320	 -1.114777 : -0.100	 0.042 	Dst/Theta/Speed: 	4.883963	-1.114777	0.677116 	F: 0.00 (0)
10.0: -4.266471	 2.495515	 -1.276031 : -0.100	 0.072 	Dst/Theta/Speed: 	4.942709	-1.276031	0.683918 	F: 0.00 (0)
10.1: -4.299974	 2.555449	 -1.439668 : -0.100	 0.085 	Dst/Theta/Speed: 	5.002009	-1.439668	0.689321 	F: 0.00 (0)
10.2: -4.333355	 2.616040	 -1.605808 : -0.100	 0.090 	Dst/Theta/Speed: 	5.061781	-1.605808	0.694214 	F: 0.00 (0)
10.3: -4.366591	 2.677255	 -1.774492 : -0.100	 0.092 	Dst/Theta/Speed: 	5.121993	-1.774492	0.698889 	F: 0.00 (0)
10.4: -4.399664	 2.739082	 -1.945732 : -0.100	 0.092 	Dst/Theta/Speed: 	5.182626	-1.945732	0.703436 	F: 0.00 (0)
10.5: -4.432557	 2.801514	 -2.119527 : -0.100	 0.091 	Dst/Theta/Speed: 	5.243667	-2.119527	0.707894 	F: 0.00 (0)
10.6: -4.465245	 2.864556	 -2.295855 : -0.100	 0.089 	Dst/Theta/Speed: 	5.305101	-2.295855	0.712323 	F: 0.00 (0)
10.7: -4.497650	 2.928255	 -2.474602 : -0.100	 0.074 	Dst/Theta/Speed: 	5.366892	-2.474602	0.716953 	F: 0.00 (0)
10.8: -4.529286	 2.992906	 -2.655016 : -0.100	 -0.024 	Dst/Theta/Speed: 	5.428805	-2.655016	0.722269 	F: 0.00 (0)
10.9: -4.559322	 3.058782	 -2.835955 : -0.100	 -0.097 	Dst/Theta/Speed: 	5.490316	-2.835955	0.725265 	F: 0.00 (0)
11.0: -4.587285	 3.125716	 -3.016917 : -0.100	 -0.100 	Dst/Theta/Speed: 	5.550971	-3.016917	0.725066 	F: 0.00 (0)
11.1: -4.613073	 3.193327	 -3.197882 : -0.100	 -0.100 	Dst/Theta/Speed: 	5.610507	-3.197882	0.721738 	F: 0.00 (0)
11.2: -4.636673	 3.261222	 2.904338 : -0.100	 -0.100 	Dst/Theta/Speed: 	5.668713	2.904338	0.715407 	F: 0.00 (0)
11.3: -4.658816	 3.329220	 2.722424 : -0.100	 0.042 	Dst/Theta/Speed: 	5.726105	2.722424	0.714709 	F: 0.00 (0)
11.4: -4.680184	 3.397303	 2.538696 : -0.100	 0.030 	Dst/Theta/Speed: 	5.783234	2.538696	0.712298 	F: 0.00 (0)
11.5: -4.700734	 3.465285	 2.353324 : -0.100	 0.017 	Dst/Theta/Speed: 	5.839957	2.353324	0.707958 	F: 0.00 (0)
11.6: -4.720469	 3.532946	 2.166492 : -0.100	 0.002 	Dst/Theta/Speed: 	5.896146	2.166492	0.701529 	F: 0.00 (0)
11.7: -4.739458	 3.600063	 1.978367 : -0.100	 -0.009 	Dst/Theta/Speed: 	5.951715	1.978367	0.693434 	F: 0.00 (0)
11.8: -4.757849	 3.666458	 1.789064 : -0.100	 -0.015 	Dst/Theta/Speed: 	6.006666	1.789064	0.684434 	F: 0.00 (0)
11.9: -4.775848	 3.732013	 1.598640 : -0.100	 -0.017 	Dst/Theta/Speed: 	6.061077	1.598640	0.675255 	F: 0.00 (0)
12.0: -4.793690	 3.796679	 1.407124 : -0.100	 -0.019 	Dst/Theta/Speed: 	6.115083	1.407124	0.666519 	F: 0.00 (0)
12.1: -4.811619	 3.860461	 1.214527 : -0.100	 -0.019 	Dst/Theta/Speed: 	6.168860	1.214527	0.658774 	F: 0.00 (0)
12.2: -4.829872	 3.923418	 1.020853 : -0.100	 -0.019 	Dst/Theta/Speed: 	6.222610	1.020853	0.652513 	F: 0.00 (0)
12.3: -4.848674	 3.985656	 0.826105 : -0.100	 -0.019 	Dst/Theta/Speed: 	6.276551	0.826105	0.648173 	F: 0.00 (0)
12.4: -4.868223	 4.047325	 0.630283 : -0.100	 -0.020 	Dst/Theta/Speed: 	6.330911	0.630283	0.646113 	F: 0.00 (0)
12.5: -4.888686	 4.108613	 0.433388 : -0.100	 -0.020 	Dst/Theta/Speed: 	6.385918	0.433388	0.646597 	F: 0.00 (0)
12.6: -4.910189	 4.169735	 0.235420 : -0.100	 -0.020 	Dst/Theta/Speed: 	6.441789	0.235420	0.649764 	F: 0.00 (0)
12.7: -4.932816	 4.230932	 0.036379 : -0.100	 -0.020 	Dst/Theta/Speed: 	6.498728	0.036379	0.655622 	F: 0.00 (0)
12.8: -4.956599	 4.292458	 -0.163734 : -0.100	 -0.020 	Dst/Theta/Speed: 	6.556910	-0.163734	0.664045 	F: 0.00 (0)
12.9: -4.981520	 4.354568	 -0.364921 : -0.100	 -0.020 	Dst/Theta/Speed: 	6.616480	-0.364921	0.674778 	F: 0.00 (0)
13.0: -5.007511	 4.417510	 -0.567181 : -0.100	 -0.020 	Dst/Theta/Speed: 	6.677541	-0.567181	0.687461 	F: 0.00 (0)
13.1: -5.034452	 4.481516	 -0.770513 : -0.100	 -0.020 	Dst/Theta/Speed: 	6.740155	-0.770513	0.701651 	F: 0.00 (0)
13.2: -5.062181	 4.546789	 -0.974918 : -0.100	 -0.020 	Dst/Theta/Speed: 	6.804335	-0.974918	0.716852 	F: 0.00 (0)
13.3: -5.090494	 4.613497	 -1.180396 : -0.100	 -0.020 	Dst/Theta/Speed: 	6.870043	-1.180396	0.732543 	F: 0.00 (0)
13.4: -5.119159	 4.681763	 -1.386947 : -0.100	 -0.020 	Dst/Theta/Speed: 	6.937196	-1.386947	0.748199 	F: 0.00 (0)
13.5: -5.147918	 4.751660	 -1.594571 : -0.100	 -0.020 	Dst/Theta/Speed: 	7.005664	-1.594571	0.763319 	F: 0.00 (0)
13.6: -5.176506	 4.823209	 -1.803264 : -0.100	 -0.020 	Dst/Theta/Speed: 	7.075278	-1.803264	0.777463 	F: 0.00 (0)
13.7: -5.204650	 4.896389	 -2.013004 : -0.100	 -0.023 	Dst/Theta/Speed: 	7.145839	-2.013004	0.790387 	F: 0.00 (0)
13.8: -5.232042	 4.971197	 -2.223656 : -0.100	 -0.040 	Dst/Theta/Speed: 	7.217137	-2.223656	0.802569 	F: 0.00 (0)
13.9: -5.258227	 5.047718	 -2.434795 : -0.100	 -0.086 	Dst/Theta/Speed: 	7.288924	-2.434795	0.814466 	F: 0.00 (0)
14.0: -5.282722	 5.125888	 -2.646034 : -0.100	 -0.099 	Dst/Theta/Speed: 	7.360834	-2.646034	0.823308 	F: 0.00 (0)
14.1: -5.305227	 5.205375	 -2.857289 : -0.100	 -0.099 	Dst/Theta/Speed: 	7.432453	-2.857289	0.828336 	F: 0.00 (0)
14.2: -5.325576	 5.285760	 -3.068569 : -0.100	 -0.098 	Dst/Theta/Speed: 	7.503400	-3.068569	0.829475 	F: 0.00 (0)
14.3: -5.343696	 5.366595	 -3.279884 : -0.100	 -0.097 	Dst/Theta/Speed: 	7.573337	-3.279884	0.826784 	F: 0.00 (0)
14.4: -5.359597	 5.447431	 2.791958 : -0.100	 -0.098 	Dst/Theta/Speed: 	7.641975	2.791958	0.820359 	F: 0.00 (0)
14.5: -5.373737	 5.527990	 2.580067 : -0.100	 -0.020 	Dst/Theta/Speed: 	7.709457	2.580067	0.815119 	F: 0.00 (0)
14.6: -5.386616	 5.608130	 2.367103 : -0.100	 -0.020 	Dst/Theta/Speed: 	7.776037	2.367103	0.807974 	F: 0.00 (0)
14.7: -5.398401	 5.687635	 2.153065 : -0.100	 -0.020 	Dst/Theta/Speed: 	7.841678	2.153065	0.799271 	F: 0.00 (0)
14.8: -5.409301	 5.766326	 1.937955 : -0.100	 -0.020 	Dst/Theta/Speed: 	7.906393	1.937955	0.789435 	F: 0.00 (0)
14.9: -5.419561	 5.844075	 1.721773 : -0.100	 -0.020 	Dst/Theta/Speed: 	7.970248	1.721773	0.778961 	F: 0.00 (0)
15.0: -5.429447	 5.920807	 1.504517 : -0.100	 -0.020 	Dst/Theta/Speed: 	8.033358	1.504517	0.768405 	F: 0.00 (0)
15.1: -5.439235	 5.996508	 1.286188 : -0.100	 -0.020 	Dst/Theta/Speed: 	8.095887	1.286188	0.758361 	F: 0.00 (0)
15.2: -5.449198	 6.071225	 1.066787 : -0.100	 -0.020 	Dst/Theta/Speed: 	8.158034	1.066787	0.749432 	F: 0.00 (0)
15.3: -5.459594	 6.145061	 0.846312 : -0.100	 -0.020 	Dst/Theta/Speed: 	8.220033	0.846312	0.742198 	F: 0.00 (0)
15.4: -5.470652	 6.218178	 0.624765 : -0.100	 -0.020 	Dst/Theta/Speed: 	8.282135	0.624765	0.737176 	F: 0.00 (0)
15.5: -5.482561	 6.290781	 0.402145 : -0.100	 -0.020 	Dst/Theta/Speed: 	8.344603	0.402145	0.734778 	F: 0.00 (0)
15.6: -5.495458	 6.363118	 0.178452 : -0.100	 -0.020 	Dst/Theta/Speed: 	8.407695	0.178452	0.735272 	F: 0.00 (0)
15.7: -5.509426	 6.435458	 -0.046314 : -0.100	 -0.020 	Dst/Theta/Speed: 	8.471652	-0.046314	0.738756 	F: 0.00 (0)
15.8: -5.524480	 6.508085	 -0.272153 : -0.100	 -0.020 	Dst/Theta/Speed: 	8.536689	-0.272153	0.745146 	F: 0.00 (0)
15.9: -5.540576	 6.581282	 -0.499065 : -0.100	 -0.020 	Dst/Theta/Speed: 	8.602979	-0.499065	0.754180 	F: 0.00 (0)
16.0: -5.557603	 6.655313	 -0.727049 : -0.100	 -0.020 	Dst/Theta/Speed: 	8.670648	-0.727049	0.765441 	F: 0.00 (0)
16.1: -5.575393	 6.730415	 -0.956106 : -0.100	 -0.020 	Dst/Theta/Speed: 	8.739765	-0.956106	0.778391 	F: 0.00 (0)
16.2: -5.593729	 6.806779	 -1.186235 : -0.100	 -0.020 	Dst/Theta/Speed: 	8.810337	-1.186235	0.792422 	F: 0.00 (0)
16.3: -5.612355	 6.884549	 -1.417428 : -0.100	 -0.021 	Dst/Theta/Speed: 	8.882316	-1.417428	0.806976 	F: 0.00 (0)
16.4: -5.630989	 6.963853	 -1.649613 : -0.100	 -0.030 	Dst/Theta/Speed: 	8.955629	-1.649613	0.822199 	F: 0.00 (0)
16.5: -5.649284	 7.044972	 -1.882422 : -0.100	 -0.076 	Dst/Theta/Speed: 	9.030285	-1.882422	0.840660 	F: 0.00 (0)
16.6: -5.666768	 7.128153	 -2.115396 : -0.100	 -0.099 	Dst/Theta/Speed: 	9.106197	-2.115396	0.858884 	F: 0.00 (0)
16.7: -5.682964	 7.213302	 -2.348378 : -0.100	 -0.100 	Dst/Theta/Speed: 	9.183017	-2.348378	0.874094 	F: 0.00 (0)
16.8: -5.697480	 7.300114	 -2.581363 : -0.100	 -0.100 	Dst/Theta/Speed: 	9.260289	-2.581363	0.885650 	F: 0.00 (0)
16.9: -5.710005	 7.388200	 -2.814350 : -0.100	 -0.100 	Dst/Theta/Speed: 	9.337540	-2.814350	0.893134 	F: 0.00 (0)
17.0: -5.720326	 7.477109	 -3.047339 : -0.100	 -0.100 	Dst/Theta/Speed: 	9.414313	-3.047339	0.896295 	F: 0.00 (0)
17.1: -5.728339	 7.566351	 -3.280331 : -0.100	 -0.100 	Dst/Theta/Speed: 	9.490181	-3.280331	0.895052 	F: 0.00 (0)

Starting Conditions: -0.567996, 0, 1.74811, 0, 2.90396, 0, 
0.1: -0.568050	 1.748111	 2.902630 : -0.100	 0.100 	Dst/Theta/Speed: 	1.838090	2.902630	0.001075 	F: 0.00 (0)
0.2: -0.568211	 1.748113	 2.898634 : -0.100	 0.100 	Dst/Theta/Speed: 	1.838141	2.898634	0.002150 	F: 0.00 (0)
0.3: -0.568479	 1.748117	 2.891972 : -0.100	 0.100 	Dst/Theta/Speed: 	1.838228	2.891972	0.003223 	F: 0.00 (0)
0.4: -0.568855	 1.748126	 2.882647 : -0.100	 0.100 	Dst/Theta/Speed: 	1.838353	2.882647	0.004296 	F: 0.00 (0)
0.5: -0.569338	 1.748142	 2.870658 : -0.100	 0.100 	Dst/Theta/Speed: 	1.838517	2.870658	0.005368 	F: 0.00 (0)
0.6: -0.569928	 1.748165	 2.856005 : -0.100	 0.100 	Dst/Theta/Speed: 	1.838723	2.856005	0.006439 	F: 0.00 (0)
0.7: -0.570625	 1.748199	 2.838688 : -0.100	 0.100 	Dst/Theta/Speed: 	1.838970	2.838688	0.007508 	F: 0.00 (0)
0.8: -0.571427	 1.748243	 2.818708 : -0.100	 0.100 	Dst/Theta/Speed: 	1.839261	2.818708	0.008575 	F: 0.00 (0)
0.9: -0.572336	 1.748300	 2.796066 : -0.100	 0.100 	Dst/Theta/Speed: 	1.839598	2.796066	0.009640 	F: 0.00 (0)
1.0: -0.573351	 1.748371	 2.770762 : -0.100	 0.100 	Dst/Theta/Speed: 	1.839982	2.770762	0.010702 	F: 0.00 (0)
1.1: -0.574471	 1.748458	 2.742796 : -0.100	 0.100 	Dst/Theta/Speed: 	1.840414	2.742796	0.011761 	F: 0.00 (0)
1.2: -0.575695	 1.748562	 2.712170 : -0.100	 0.100 	Dst/Theta/Speed: 	1.840895	2.712170	0.012815 	F: 0.00 (0)
1.3: -0.577023	 1.748684	 2.678884 : -0.100	 0.099 	Dst/Theta/Speed: 	1.841427	2.678884	0.013863 	F: 0.00 (0)
1.4: -0.578455	 1.748826	 2.642939 : -0.100	 0.099 	Dst/Theta/Speed: 	1.842010	2.642939	0.014901 	F: 0.00 (0)
1.5: -0.579987	 1.748987	 2.604339 : -0.100	 0.099 	Dst/Theta/Speed: 	1.842645	2.604339	0.015923 	F: 0.00 (0)
1.6: -0.581619	 1.749167	 2.563088 : -0.100	 0.099 	Dst/Theta/Speed: 	1.843330	2.563088	0.016912 	F: 0.00 (0)
1.7: -0.583345	 1.749365	 2.519193 : -0.100	 0.098 	Dst/Theta/Speed: 	1.844064	2.519193	0.017831 	F: 0.00 (0)
1.8: -0.585153	 1.749573	 2.472674 : -0.100	 0.096 	Dst/Theta/Speed: 	1.844833	2.472674	0.018577 	F: 0.00 (0)
1.9: -0.587016	 1.749765	 2.423582 : -0.100	 0.090 	Dst/Theta/Speed: 	1.845607	2.423582	0.018883 	F: 0.00 (0)
2.0: -0.588866	 1.749880	 2.372042 : -0.100	 0.077 	Dst/Theta/Speed: 	1.846305	2.372042	0.018231 	F: 0.00 (0)
2.1: -0.590585	 1.749783	 2.318291 : -0.100	 0.055 	Dst/Theta/Speed: 	1.846763	2.318291	0.016381 	F: 0.00 (0)
2.2: -0.592031	 1.749287	 2.262644 : -0.100	 0.030 	Dst/Theta/Speed: 	1.846755	2.262644	0.014826 	F: 0.00 (0)
2.3: -0.593095	 1.748195	 2.205395 : -0.100	 0.011 	Dst/Theta/Speed: 	1.846063	2.205395	0.016758 	F: 0.00 (0)
2.4: -0.593730	 1.746346	 2.146755 : -0.100	 -0.002 	Dst/Theta/Speed: 	1.844516	2.146755	0.023051 	F: 0.00 (0)
2.5: -0.593943	 1.743618	 2.086854 : -0.100	 -0.009 	Dst/Theta/Speed: 	1.842002	2.086854	0.031955 	F: 0.00 (0)
2.6: -0.593772	 1.739923	 2.025771 : -0.100	 -0.013 	Dst/Theta/Speed: 	1.838449	2.025771	0.042158 	F: 0.00 (0)
2.7: -0.593278	 1.735192	 1.963552 : -0.100	 -0.016 	Dst/Theta/Speed: 	1.833813	1.963552	0.053042 	F: 0.34 (0)
2.8: -0.592536	 1.729372	 1.900221 : -0.100	 -0.017 	Dst/Theta/Speed: 	1.828067	1.900221	0.064315 	F: 0.33 (0)
2.9: -0.591630	 1.722425	 1.835795 : -0.100	 -0.018 	Dst/Theta/Speed: 	1.821201	1.835795	0.075825 	F: 0.33 (0)
3.0: -0.590647	 1.714320	 1.770283 : -0.100	 -0.019 	Dst/Theta/Speed: 	1.813217	1.770283	0.087486 	F: 0.33 (0)
3.1: -0.589682	 1.705034	 1.703688 : -0.100	 -0.019 	Dst/Theta/Speed: 	1.804125	1.703688	0.099246 	F: 0.32 (0)
3.2: -0.588830	 1.694553	 1.636015 : -0.100	 -0.019 	Dst/Theta/Speed: 	1.793943	1.636015	0.111069 	F: 0.32 (0)
3.3: -0.588191	 1.682871	 1.567265 : -0.100	 -0.019 	Dst/Theta/Speed: 	1.782701	1.567265	0.122931 	F: 0.32 (0)
3.4: -0.587866	 1.669989	 1.497439 : -0.100	 -0.019 	Dst/Theta/Speed: 	1.770437	1.497439	0.134811 	F: 0.32 (0)
3.5: -0.587957	 1.655915	 1.426537 : -0.100	 -0.019 	Dst/Theta/Speed: 	1.757198	1.426537	0.146691 	F: 0.32 (0)
3.6: -0.588567	 1.640665	 1.354561 : -0.100	 -0.019 	Dst/Theta/Speed: 	1.743041	1.354561	0.158556 	F: 0.31 (0)
3.7: -0.589799	 1.624264	 1.281510 : -0.100	 -0.019 	Dst/Theta/Speed: 	1.728033	1.281510	0.170390 	F: 0.31 (0)
3.8: -0.591757	 1.606746	 1.207383 : -0.100	 -0.019 	Dst/Theta/Speed: 	1.712252	1.207383	0.182177 	F: 0.31 (0)
3.9: -0.594541	 1.588150	 1.132182 : -0.100	 -0.019 	Dst/Theta/Speed: 	1.695788	1.132182	0.193902 	F: 0.31 (0)
4.0: -0.598252	 1.568525	 1.055905 : -0.100	 -0.019 	Dst/Theta/Speed: 	1.678743	1.055905	0.205550 	F: 0.31 (0)
4.1: -0.602988	 1.547930	 0.978553 : -0.100	 -0.019 	Dst/Theta/Speed: 	1.661229	0.978553	0.217107 	F: 0.31 (0)
4.2: -0.608841	 1.526431	 0.900126 : -0.100	 -0.019 	Dst/Theta/Speed: 	1.643374	0.900126	0.228555 	F: 0.31 (0)
4.3: -0.615904	 1.504100	 0.820622 : -0.100	 -0.019 	Dst/Theta/Speed: 	1.625317	0.820622	0.239881 	F: 0.31 (0)
4.4: -0.624262	 1.481019	 0.740044 : -0.100	 -0.019 	Dst/Theta/Speed: 	1.607209	0.740044	0.251070 	F: 0.31 (0)
4.5: -0.633996	 1.457279	 0.658391 : -0.100	 -0.019 	Dst/Theta/Speed: 	1.589218	0.658391	0.262110 	F: 0.31 (0)
4.6: -0.645182	 1.432975	 0.575665 : -0.100	 -0.020 	Dst/Theta/Speed: 	1.571520	0.575665	0.272989 	F: 0.31 (0)
4.7: -0.657888	 1.408210	 0.491870 : -0.100	 -0.020 	Dst/Theta/Speed: 	1.554308	0.491870	0.283700 	F: 0.30 (0)
4.8: -0.672178	 1.383095	 0.407010 : -0.100	 -0.020 	Dst/Theta/Speed: 	1.537782	0.407010	0.294239 	F: 0.30 (0)
4.9: -0.688110	 1.357743	 0.321094 : -0.100	 -0.021 	Dst/Theta/Speed: 	1.522157	0.321094	0.304609 	F: 0.30 (0)
5.0: -0.705735	 1.332276	 0.234134 : -0.100	 -0.022 	Dst/Theta/Speed: 	1.507654	0.234134	0.314821 	F: 0.30 (0)
5.1: -0.725101	 1.306820	 0.146150 : -0.100	 -0.024 	Dst/Theta/Speed: 	1.494506	0.146150	0.324893 	F: 0.30 (0)
5.2: -0.746251	 1.281506	 0.057171 : -0.100	 -0.027 	Dst/Theta/Speed: 	1.482952	0.057171	0.334855 	F: 0.30 (0)
5.3: -0.769227	 1.256472	 -0.032766 : -0.100	 -0.030 	Dst/Theta/Speed: 	1.473239	-0.032766	0.344742 	F: 0.30 (0)
5.4: -0.794070	 1.231865	 -0.123605 : -0.100	 -0.035 	Dst/Theta/Speed: 	1.465618	-0.123605	0.354600 	F: 0.30 (0)
5.5: -0.820818	 1.207840	 -0.215277 : -0.100	 -0.040 	Dst/Theta/Speed: 	1.460349	-0.215277	0.364470 	F: 0.30 (0)
5.6: -0.849508	 1.184569	 -0.307695 : -0.100	 -0.048 	Dst/Theta/Speed: 	1.457692	-0.307695	0.374389 	F: 0.30 (0)
5.7: -0.880174	 1.162233	 -0.400754 : -0.100	 -0.056 	Dst/Theta/Speed: 	1.457906	-0.400754	0.384379 	F: 0.29 (0)
5.8: -0.912837	 1.141032	 -0.494333 : -0.100	 -0.066 	Dst/Theta/Speed: 	1.461241	-0.494333	0.394448 	F: 0.29 (0)
5.9: -0.947506	 1.121182	 -0.588301 : -0.100	 -0.076 	Dst/Theta/Speed: 	1.467929	-0.588301	0.404580 	F: 0.29 (0)
6.0: -0.984166	 1.102907	 -0.682522 : -0.100	 -0.086 	Dst/Theta/Speed: 	1.478170	-0.682522	0.414709 	F: 0.29 (0)
6.1: -1.022766	 1.086432	 -0.776878 : -0.100	 -0.094 	Dst/Theta/Speed: 	1.492108	-0.776878	0.424695 	F: 0.28 (0)
6.2: -1.063205	 1.071964	 -0.871287 : -0.100	 -0.098 	Dst/Theta/Speed: 	1.509805	-0.871287	0.434351 	F: 0.28 (0)
6.3: -1.105343	 1.059677	 -0.965711 : -0.100	 -0.100 	Dst/Theta/Speed: 	1.531241	-0.965711	0.443538 	F: 0.27 (0)
6.4: -1.149006	 1.049719	 -1.060138 : -0.100	 -0.100 	Dst/Theta/Speed: 	1.556318	-1.060138	0.452192 	F: 0.27 (0)
6.5: -1.194007	 1.042213	 -1.154566 : -0.100	 -0.100 	Dst/Theta/Speed: 	1.584885	-1.154566	0.460283 	F: 0.26 (0)
6.6: -1.240144	 1.037264	 -1.248995 : -0.100	 -0.100 	Dst/Theta/Speed: 	1.616748	-1.248995	0.467787 	F: 0.26 (0)
6.7: -1.287209	 1.034957	 -1.343423 : -0.100	 -0.100 	Dst/Theta/Speed: 	1.651679	-1.343423	0.474681 	F: 0.26 (0)
6.8: -1.334988	 1.035355	 -1.437852 : -0.100	 -0.100 	Dst/Theta/Speed: 	1.689424	-1.437852	0.480944 	F: 0.25 (0)
6.9: -1.383259	 1.038503	 -1.532282 : -0.100	 -0.100 	Dst/Theta/Speed: 	1.729709	-1.532282	0.486551 	F: 0.25 (0)
7.0: -1.431800	 1.044423	 -1.626712 : -0.100	 -0.100 	Dst/Theta/Speed: 	1.772250	-1.626712	0.491480 	F: 0.24 (0)
7.1: -1.480388	 1.053114	 -1.721142 : -0.100	 -0.100 	Dst/Theta/Speed: 	1.816755	-1.721142	0.495706 	F: 0.24 (0)
7.2: -1.528800	 1.064558	 -1.815574 : -0.100	 -0.100 	Dst/Theta/Speed: 	1.862931	-1.815574	0.499208 	F: 0.00 (0)
7.3: -1.576816	 1.078711	 -1.910005 : -0.100	 -0.100 	Dst/Theta/Speed: 	1.910488	-1.910005	0.501960 	F: 0.00 (0)
7.4: -1.624222	 1.095513	 -2.004437 : -0.100	 -0.100 	Dst/Theta/Speed: 	1.959144	-2.004437	0.503940 	F: 0.00 (0)
7.5: -1.670810	 1.114880	 -2.098870 : -0.100	 -0.100 	Dst/Theta/Speed: 	2.008623	-2.098870	0.505125 	F: 0.00 (0)
7.6: -1.716383	 1.136711	 -2.193302 : -0.100	 -0.100 	Dst/Theta/Speed: 	2.058661	-2.193302	0.505493 	F: 0.00 (0)
7.7: -1.760752	 1.160886	 -2.287735 : -0.100	 -0.100 	Dst/Theta/Speed: 	2.109006	-2.287735	0.505024 	F: 0.00 (0)
7.8: -1.803742	 1.187265	 -2.382167 : -0.100	 -0.100 	Dst/Theta/Speed: 	2.159417	-2.382167	0.503698 	F: 0.00 (0)
7.9: -1.845189	 1.215697	 -2.476600 : -0.100	 -0.100 	Dst/Theta/Speed: 	2.209670	-2.476600	0.501497 	F: 0.00 (0)
8.0: -1.884948	 1.246012	 -2.571033 : -0.100	 -0.100 	Dst/Theta/Speed: 	2.259552	-2.571033	0.498405 	F: 0.00 (0)
8.1: -1.922888	 1.278027	 -2.665466 : -0.100	 -0.100 	Dst/Theta/Speed: 	2.308864	-2.665466	0.494407 	F: 0.00 (0)
8.2: -1.958896	 1.311551	 -2.759899 : -0.100	 -0.100 	Dst/Theta/Speed: 	2.357422	-2.759899	0.489490 	F: 0.00 (0)
8.3: -1.992879	 1.346379	 -2.854331 : -0.100	 -0.100 	Dst/Theta/Speed: 	2.405057	-2.854331	0.483647 	F: 0.00 (0)
8.4: -2.024761	 1.382300	 -2.948764 : -0.100	 -0.100 	Dst/Theta/Speed: 	2.451614	-2.948764	0.476870 	F: 0.00 (0)
8.5: -2.054489	 1.419097	 -3.043197 : -0.100	 -0.100 	Dst/Theta/Speed: 	2.496950	-3.043197	0.469154 	F: 0.00 (0)
8.6: -2.082027	 1.456548	 -3.137630 : -0.100	 -0.100 	Dst/Theta/Speed: 	2.540939	-3.137630	0.460500 	F: 0.00 (0)
8.7: -2.107364	 1.494431	 -3.232063 : -0.100	 -0.100 	Dst/Theta/Speed: 	2.583468	-3.232063	0.450911 	F: 0.00 (0)
8.8: -2.130508	 1.532521	 2.956690 : -0.100	 -0.100 	Dst/Theta/Speed: 	2.624439	2.956690	0.440393 	F: 0.00 (0)
8.9: -2.152460	 1.570815	 2.860926 : -0.100	 0.100 	Dst/Theta/Speed: 	2.664684	2.860926	0.442417 	F: 0.00 (0)
9.0: -2.174206	 1.609459	 2.762499 : -0.100	 0.100 	Dst/Theta/Speed: 	2.705093	2.762499	0.444428 	F: 0.00 (0)
9.1: -2.195746	 1.648447	 2.661411 : -0.100	 0.100 	Dst/Theta/Speed: 	2.745665	2.661411	0.446425 	F: 0.00 (0)
9.2: -2.217076	 1.687777	 2.557662 : -0.100	 0.100 	Dst/Theta/Speed: 	2.786399	2.557662	0.448404 	F: 0.00 (0)
9.3: -2.238196	 1.727442	 2.451254 : -0.100	 0.099 	Dst/Theta/Speed: 	2.827292	2.451254	0.450354 	F: 0.00 (0)
9.4: -2.259100	 1.767437	 2.342193 : -0.100	 0.099 	Dst/Theta/Speed: 	2.868339	2.342193	0.452218 	F: 0.00 (0)
9.5: -2.279765	 1.807732	 2.230527 : -0.100	 0.092 	Dst/Theta/Speed: 	2.909506	2.230527	0.453467 	F: 0.00 (0)
9.6: -2.300068	 1.848145	 2.116540 : -0.100	 0.056 	Dst/Theta/Speed: 	2.950585	2.116540	0.451041 	F: 0.00 (0)
9.7: -2.319826	 1.888301	 2.000781 : -0.100	 0.010 	Dst/Theta/Speed: 	2.991200	2.000781	0.444040 	F: 0.00 (0)
9.8: -2.338984	 1.927870	 1.883672 : -0.100	 -0.008 	Dst/Theta/Speed: 	3.031094	1.883672	0.435235 	F: 0.00 (0)
9.9: -2.357624	 1.966685	 1.765378 : -0.100	 -0.014 	Dst/Theta/Speed: 	3.070219	1.765378	0.425986 	F: 0.00 (0)
10.0: -2.375880	 2.004664	 1.645957 : -0.100	 -0.017 	Dst/Theta/Speed: 	3.108614	1.645957	0.416856 	F: 0.00 (0)
10.1: -2.393903	 2.041764	 1.525434 : -0.100	 -0.018 	Dst/Theta/Speed: 	3.146358	1.525434	0.408182 	F: 0.00 (0)
10.2: -2.411853	 2.077972	 1.403820 : -0.100	 -0.019 	Dst/Theta/Speed: 	3.183552	1.403820	0.400234 	F: 0.00 (0)
10.3: -2.429892	 2.113298	 1.281123 : -0.100	 -0.019 	Dst/Theta/Speed: 	3.220311	1.281123	0.393261 	F: 0.00 (0)
10.4: -2.448178	 2.147775	 1.157347 : -0.100	 -0.019 	Dst/Theta/Speed: 	3.256764	1.157347	0.387501 	F: 0.00 (0)
10.5: -2.466868	 2.181457	 1.032493 : -0.100	 -0.019 	Dst/Theta/Speed: 	3.293052	1.032493	0.383174 	F: 0.00 (0)
10.6: -2.486109	 2.214420	 0.906564 : -0.100	 -0.019 	Dst/Theta/Speed: 	3.329323	0.906564	0.380478 	F: 0.00 (0)
10.7: -2.506041	 2.246756	 0.779561 : -0.100	 -0.019 	Dst/Theta/Speed: 	3.365733	0.779561	0.379572 	F: 0.00 (0)
10.8: -2.526790	 2.278580	 0.651484 : -0.100	 -0.019 	Dst/Theta/Speed: 	3.402439	0.651484	0.380570 	F: 0.00 (0)
10.9: -2.548466	 2.310019	 0.522333 : -0.100	 -0.019 	Dst/Theta/Speed: 	3.439603	0.522333	0.383534 	F: 0.00 (0)
11.0: -2.571165	 2.341218	 0.392109 : -0.100	 -0.020 	Dst/Theta/Speed: 	3.477383	0.392109	0.388465 	F: 0.00 (0)
11.1: -2.594963	 2.372333	 0.260812 : -0.100	 -0.020 	Dst/Theta/Speed: 	3.515934	0.260812	0.395305 	F: 0.00 (0)
11.2: -2.619914	 2.403530	 0.128442 : -0.100	 -0.020 	Dst/Theta/Speed: 	3.555405	0.128442	0.403944 	F: 0.00 (0)
11.3: -2.646050	 2.434983	 -0.005001 : -0.100	 -0.020 	Dst/Theta/Speed: 	3.595931	-0.005001	0.414224 	F: 0.00 (0)
11.4: -2.673382	 2.466869	 -0.139517 : -0.100	 -0.020 	Dst/Theta/Speed: 	3.637639	-0.139517	0.425953 	F: 0.00 (0)
11.5: -2.701894	 2.499369	 -0.275106 : -0.100	 -0.020 	Dst/Theta/Speed: 	3.680635	-0.275106	0.438911 	F: 0.00 (0)
11.6: -2.731547	 2.532658	 -0.411768 : -0.100	 -0.020 	Dst/Theta/Speed: 	3.725011	-0.411768	0.452866 	F: 0.00 (0)
11.7: -2.762279	 2.566909	 -0.549502 : -0.100	 -0.020 	Dst/Theta/Speed: 	3.770836	-0.549502	0.467578 	F: 0.00 (0)
11.8: -2.794004	 2.602284	 -0.688306 : -0.100	 -0.020 	Dst/Theta/Speed: 	3.818159	-0.688306	0.482816 	F: 0.00 (0)
11.9: -2.826614	 2.638934	 -0.828177 : -0.100	 -0.020 	Dst/Theta/Speed: 	3.867004	-0.828177	0.498372 	F: 0.00 (0)
12.0: -2.859985	 2.677002	 -0.969103 : -0.100	 -0.022 	Dst/Theta/Speed: 	3.917379	-0.969103	0.514108 	F: 0.00 (0)
12.1: -2.893982	 2.716628	 -1.111047 : -0.100	 -0.026 	Dst/Theta/Speed: 	3.969282	-1.111047	0.530072 	F: 0.00 (0)
12.2: -2.928468	 2.757982	 -1.253900 : -0.100	 -0.038 	Dst/Theta/Speed: 	4.022734	-1.253900	0.546772 	F: 0.00 (0)
12.3: -2.963303	 2.801326	 -1.397405 : -0.100	 -0.065 	Dst/Theta/Speed: 	4.077817	-1.397405	0.565256 	F: 0.00 (0)
12.4: -2.998296	 2.846983	 -1.541200 : -0.100	 -0.092 	Dst/Theta/Speed: 	4.134621	-1.541200	0.585050 	F: 0.00 (0)
12.5: -3.033170	 2.895148	 -1.685058 : -0.100	 -0.099 	Dst/Theta/Speed: 	4.193090	-1.685058	0.604039 	F: 0.00 (0)
12.6: -3.067609	 2.945845	 -1.828925 : -0.100	 -0.100 	Dst/Theta/Speed: 	4.253026	-1.828925	0.621480 	F: 0.00 (0)
12.7: -3.101296	 2.999016	 -1.972795 : -0.100	 -0.100 	Dst/Theta/Speed: 	4.314178	-1.972795	0.637146 	F: 0.00 (0)
12.8: -3.133929	 3.054553	 -2.116667 : -0.100	 -0.100 	Dst/Theta/Speed: 	4.376277	-2.116667	0.650885 	F: 0.00 (0)
12.9: -3.165220	 3.112308	 -2.260539 : -0.100	 -0.100 	Dst/Theta/Speed: 	4.439040	-2.260539	0.662573 	F: 0.00 (0)
13.0: -3.194908	 3.172091	 -2.404413 : -0.100	 -0.100 	Dst/Theta/Speed: 	4.502177	-2.404413	0.672106 	F: 0.00 (0)
13.1: -3.222761	 3.233676	 -2.548288 : -0.100	 -0.100 	Dst/Theta/Speed: 	4.565397	-2.548288	0.679405 	F: 0.00 (0)
13.2: -3.248580	 3.296807	 -2.692163 : -0.100	 -0.100 	Dst/Theta/Speed: 	4.628413	-2.692163	0.684409 	F: 0.00 (0)
13.3: -3.272204	 3.361200	 -2.836039 : -0.100	 -0.100 	Dst/Theta/Speed: 	4.690947	-2.836039	0.687082 	F: 0.00 (0)
13.4: -3.293514	 3.426554	 -2.979916 : -0.100	 -0.100 	Dst/Theta/Speed: 	4.752737	-2.979916	0.687407 	F: 0.00 (0)
13.5: -3.312435	 3.492551	 -3.123794 : -0.100	 -0.100 	Dst/Theta/Speed: 	4.813537	-3.123794	0.685391 	F: 0.00 (0)
13.6: -3.328938	 3.558866	 -3.267673 : -0.100	 -0.100 	Dst/Theta/Speed: 	4.873126	-3.267673	0.681062 	F: 0.00 (0)
13.7: -3.343039	 3.625176	 2.871634 : -0.100	 -0.100 	Dst/Theta/Speed: 	4.931309	2.871634	0.674474 	F: 0.00 (0)
13.8: -3.355182	 3.691288	 2.727214 : -0.100	 -0.019 	Dst/Theta/Speed: 	4.988271	2.727214	0.669685 	F: 0.00 (0)
13.9: -3.365824	 3.757103	 2.581718 : -0.100	 -0.019 	Dst/Theta/Speed: 	5.044264	2.581718	0.663523 	F: 0.00 (0)
14.0: -3.375054	 3.822445	 2.435146 : -0.100	 -0.019 	Dst/Theta/Speed: 	5.099222	2.435146	0.656091 	F: 0.00 (0)
14.1: -3.382983	 3.887149	 2.287501 : -0.100	 -0.019 	Dst/Theta/Speed: 	5.153106	2.287501	0.647511 	F: 0.00 (0)
14.2: -3.389750	 3.951071	 2.138782 : -0.100	 -0.020 	Dst/Theta/Speed: 	5.205897	2.138782	0.637933 	F: 0.00 (0)
14.3: -3.395511	 4.014087	 1.988990 : -0.100	 -0.020 	Dst/Theta/Speed: 	5.257603	1.988990	0.627536 	F: 0.00 (0)
14.4: -3.400438	 4.076098	 1.838125 : -0.100	 -0.020 	Dst/Theta/Speed: 	5.308253	1.838125	0.616522 	F: 0.00 (0)
14.5: -3.404720	 4.137032	 1.686188 : -0.100	 -0.020 	Dst/Theta/Speed: 	5.357906	1.686188	0.605124 	F: 0.00 (0)
14.6: -3.408552	 4.196846	 1.533177 : -0.100	 -0.020 	Dst/Theta/Speed: 	5.406638	1.533177	0.593604 	F: 0.00 (0)
14.7: -3.412135	 4.255526	 1.379093 : -0.100	 -0.020 	Dst/Theta/Speed: 	5.454555	1.379093	0.582245 	F: 0.00 (0)
14.8: -3.415671	 4.313092	 1.223937 : -0.100	 -0.020 	Dst/Theta/Speed: 	5.501780	1.223937	0.571352 	F: 0.00 (0)
14.9: -3.419357	 4.369594	 1.067708 : -0.100	 -0.020 	Dst/Theta/Speed: 	5.548455	1.067708	0.561244 	F: 0.00 (0)
15.0: -3.423377	 4.425112	 0.910406 : -0.100	 -0.020 	Dst/Theta/Speed: 	5.594742	0.910406	0.552242 	F: 0.00 (0)
15.1: -3.427906	 4.479757	 0.752030 : -0.100	 -0.020 	Dst/Theta/Speed: 	5.640812	0.752030	0.544660 	F: 0.00 (0)
15.2: -3.433096	 4.533664	 0.592583 : -0.100	 -0.020 	Dst/Theta/Speed: 	5.686850	0.592583	0.538784 	F: 0.00 (0)
15.3: -3.439077	 4.586994	 0.432062 : -0.100	 -0.020 	Dst/Theta/Speed: 	5.733042	0.432062	0.534863 	F: 0.00 (0)
15.4: -3.445952	 4.639928	 0.270468 : -0.100	 -0.020 	Dst/Theta/Speed: 	5.779577	0.270468	0.533084 	F: 0.00 (0)
15.5: -3.453793	 4.692660	 0.107802 : -0.100	 -0.020 	Dst/Theta/Speed: 	5.826641	0.107802	0.533561 	F: 0.00 (0)
15.6: -3.462639	 4.745398	 -0.055938 : -0.100	 -0.020 	Dst/Theta/Speed: 	5.874408	-0.055938	0.536327 	F: 0.00 (0)
15.7: -3.472496	 4.798353	 -0.220749 : -0.100	 -0.020 	Dst/Theta/Speed: 	5.923041	-0.220749	0.541329 	F: 0.00 (0)
15.8: -3.483335	 4.851735	 -0.386630 : -0.100	 -0.020 	Dst/Theta/Speed: 	5.972684	-0.386630	0.548440 	F: 0.00 (0)
15.9: -3.495099	 4.905752	 -0.553570 : -0.100	 -0.021 	Dst/Theta/Speed: 	6.023464	-0.553570	0.557527 	F: 0.00 (0)
16.0: -3.507720	 4.960619	 -0.721514 : -0.100	 -0.028 	Dst/Theta/Speed: 	6.075512	-0.721514	0.568747 	F: 0.00 (0)
16.1: -3.521176	 5.016627	 -0.890250 : -0.100	 -0.053 	Dst/Theta/Speed: 	6.129048	-0.890250	0.583530 	F: 0.00 (0)
16.2: -3.535472	 5.074198	 -1.059359 : -0.100	 -0.091 	Dst/Theta/Speed: 	6.184420	-1.059359	0.603061 	F: 0.00 (0)
16.3: -3.550461	 5.133702	 -1.228533 : -0.100	 -0.099 	Dst/Theta/Speed: 	6.241848	-1.228533	0.624295 	F: 0.00 (0)
16.4: -3.565830	 5.195324	 -1.397715 : -0.100	 -0.100 	Dst/Theta/Speed: 	6.301312	-1.397715	0.645898 	F: 0.00 (0)
16.5: -3.581224	 5.259155	 -1.566899 : -0.100	 -0.100 	Dst/Theta/Speed: 	6.362694	-1.566899	0.667248 	F: 0.00 (0)
16.6: -3.596274	 5.325224	 -1.736086 : -0.100	 -0.100 	Dst/Theta/Speed: 	6.425823	-1.736086	0.687821 	F: 0.00 (0)
16.7: -3.610612	 5.393495	 -1.905276 : -0.100	 -0.100 	Dst/Theta/Speed: 	6.490478	-1.905276	0.707160 	F: 0.00 (0)
16.8: -3.623879	 5.463870	 -2.074467 : -0.100	 -0.100 	Dst/Theta/Speed: 	6.556399	-2.074467	0.724864 	F: 0.00 (0)
16.9: -3.635738	 5.536193	 -2.243661 : -0.100	 -0.100 	Dst/Theta/Speed: 	6.623294	-2.243661	0.740592 	F: 0.00 (0)
17.0: -3.645880	 5.610251	 -2.412856 : -0.100	 -0.100 	Dst/Theta/Speed: 	6.690842	-2.412856	0.754057 	F: 0.00 (0)
17.1: -3.654038	 5.685785	 -2.582052 : -0.100	 -0.100 	Dst/Theta/Speed: 	6.758709	-2.582052	0.765023 	F: 0.00 (0)

Starting Conditions: -1.59526, 0, 1.15903, 0, 5.33933, 0, 
0.1: -1.595418	 1.159028	 -0.945186 : -0.100	 0.100 	Dst/Theta/Speed: 	1.971980	-0.945186	0.003064 	F: 0.00 (0)
0.2: -1.595906	 1.159075	 -0.949119 : -0.100	 0.090 	Dst/Theta/Speed: 	1.972402	-0.949119	0.006763 	F: 0.00 (0)
0.3: -1.596758	 1.159214	 -0.955584 : -0.100	 0.090 	Dst/Theta/Speed: 	1.973173	-0.955584	0.010511 	F: 0.00 (0)
0.4: -1.597974	 1.159455	 -0.964578 : -0.100	 0.089 	Dst/Theta/Speed: 	1.974299	-0.964578	0.014279 	F: 0.00 (0)
0.5: -1.599552	 1.159805	 -0.976096 : -0.100	 0.089 	Dst/Theta/Speed: 	1.975782	-0.976096	0.018056 	F: 0.00 (0)
0.6: -1.601491	 1.160273	 -0.990138 : -0.100	 0.089 	Dst/Theta/Speed: 	1.977626	-0.990138	0.021833 	F: 0.00 (0)
0.7: -1.603788	 1.160864	 -1.006704 : -0.100	 0.089 	Dst/Theta/Speed: 	1.979833	-1.006704	0.025600 	F: 0.00 (0)
0.8: -1.606439	 1.161584	 -1.025794 : -0.100	 0.089 	Dst/Theta/Speed: 	1.982404	-1.025794	0.029351 	F: 0.00 (0)
0.9: -1.609441	 1.162441	 -1.047410 : -0.100	 0.090 	Dst/Theta/Speed: 	1.985339	-1.047410	0.033079 	F: 0.00 (0)
1.0: -1.612789	 1.163437	 -1.071555 : -0.100	 0.090 	Dst/Theta/Speed: 	1.988636	-1.071555	0.036779 	F: 0.00 (0)
1.1: -1.616478	 1.164579	 -1.098231 : -0.100	 0.090 	Dst/Theta/Speed: 	1.992296	-1.098231	0.040447 	F: 0.00 (0)
1.2: -1.620502	 1.165870	 -1.127443 : -0.100	 0.090 	Dst/Theta/Speed: 	1.996317	-1.127443	0.044081 	F: 0.00 (0)
1.3: -1.624857	 1.167315	 -1.159194 : -0.100	 0.091 	Dst/Theta/Speed: 	2.000696	-1.159194	0.047683 	F: 0.00 (0)
1.4: -1.629537	 1.168918	 -1.193486 : -0.100	 0.091 	Dst/Theta/Speed: 	2.005433	-1.193486	0.051254 	F: 0.00 (0)
1.5: -1.634537	 1.170685	 -1.230322 : -0.100	 0.091 	Dst/Theta/Speed: 	2.010526	-1.230322	0.054799 	F: 0.00 (0)
1.6: -1.639852	 1.172621	 -1.269702 : -0.100	 0.091 	Dst/Theta/Speed: 	2.015974	-1.269702	0.058324 	F: 0.00 (0)
1.7: -1.645477	 1.174733	 -1.311624 : -0.100	 0.091 	Dst/Theta/Speed: 	2.021779	-1.311624	0.061839 	F: 0.00 (0)
1.8: -1.651407	 1.177031	 -1.356083 : -0.100	 0.090 	Dst/Theta/Speed: 	2.027942	-1.356083	0.065362 	F: 0.00 (0)
1.9: -1.657639	 1.179531	 -1.403067 : -0.100	 0.089 	Dst/Theta/Speed: 	2.034468	-1.403067	0.068922 	F: 0.00 (0)
2.0: -1.664168	 1.182257	 -1.452550 : -0.100	 0.086 	Dst/Theta/Speed: 	2.041369	-1.452550	0.072577 	F: 0.00 (0)
2.1: -1.670990	 1.185255	 -1.504478 : -0.100	 0.081 	Dst/Theta/Speed: 	2.048667	-1.504478	0.076444 	F: 0.00 (0)
2.2: -1.678097	 1.188617	 -1.558736 : -0.100	 0.069 	Dst/Theta/Speed: 	2.056410	-1.558736	0.080800 	F: 0.00 (0)
2.3: -1.685472	 1.192539	 -1.615067 : -0.100	 0.042 	Dst/Theta/Speed: 	2.064695	-1.615067	0.086274 	F: 0.00 (0)
2.4: -1.693061	 1.197385	 -1.672991 : -0.100	 -0.003 	Dst/Theta/Speed: 	2.073689	-1.672991	0.093918 	F: 0.00 (0)
2.5: -1.700752	 1.203619	 -1.731884 : -0.100	 -0.051 	Dst/Theta/Speed: 	2.083568	-1.731884	0.104321 	F: 0.00 (0)
2.6: -1.708390	 1.211602	 -1.791247 : -0.100	 -0.079 	Dst/Theta/Speed: 	2.094415	-1.791247	0.116903 	F: 0.00 (0)
2.7: -1.715807	 1.221507	 -1.850813 : -0.100	 -0.091 	Dst/Theta/Speed: 	2.106199	-1.850813	0.130810 	F: 0.00 (0)
2.8: -1.722846	 1.233383	 -1.910472 : -0.100	 -0.096 	Dst/Theta/Speed: 	2.118828	-1.910472	0.145460 	F: 0.00 (0)
2.9: -1.729355	 1.247220	 -1.970177 : -0.100	 -0.098 	Dst/Theta/Speed: 	2.132188	-1.970177	0.160502 	F: 0.00 (0)
3.0: -1.735188	 1.262981	 -2.029906 : -0.100	 -0.099 	Dst/Theta/Speed: 	2.146159	-2.029906	0.175722 	F: 0.00 (0)
3.1: -1.740207	 1.280612	 -2.089649 : -0.100	 -0.099 	Dst/Theta/Speed: 	2.160622	-2.089649	0.190980 	F: 0.00 (0)
3.2: -1.744274	 1.300046	 -2.149401 : -0.100	 -0.099 	Dst/Theta/Speed: 	2.175457	-2.149401	0.206183 	F: 0.00 (0)
3.3: -1.747261	 1.321207	 -2.209161 : -0.100	 -0.100 	Dst/Theta/Speed: 	2.190550	-2.209161	0.221265 	F: 0.00 (0)
3.4: -1.749043	 1.344007	 -2.268926 : -0.100	 -0.100 	Dst/Theta/Speed: 	2.205789	-2.268926	0.236181 	F: 0.00 (0)
3.5: -1.749500	 1.368355	 -2.328695 : -0.100	 -0.100 	Dst/Theta/Speed: 	2.221069	-2.328695	0.250894 	F: 0.00 (0)
3.6: -1.748520	 1.394149	 -2.388469 : -0.100	 -0.100 	Dst/Theta/Speed: 	2.236286	-2.388469	0.265380 	F: 0.00 (0)
3.7: -1.745995	 1.421280	 -2.448246 : -0.100	 -0.100 	Dst/Theta/Speed: 	2.251341	-2.448246	0.279617 	F: 0.00 (0)
3.8: -1.741825	 1.449635	 -2.508026 : -0.100	 -0.100 	Dst/Theta/Speed: 	2.266141	-2.508026	0.293592 	F: 0.00 (0)
3.9: -1.735917	 1.479091	 -2.567809 : -0.100	 -0.100 	Dst/Theta/Speed: 	2.280596	-2.567809	0.307291 	F: 0.00 (0)
4.0: -1.728185	 1.509524	 -2.627594 : -0.100	 -0.100 	Dst/Theta/Speed: 	2.294621	-2.627594	0.320707 	F: 0.00 (0)
4.1: -1.718551	 1.540799	 -2.687380 : -0.100	 -0.100 	Dst/Theta/Speed: 	2.308133	-2.687380	0.333831 	F: 0.00 (0)
4.2: -1.706944	 1.572782	 -2.747167 : -0.100	 -0.100 	Dst/Theta/Speed: 	2.321056	-2.747167	0.346661 	F: 0.00 (0)
4.3: -1.693304	 1.605331	 -2.806955 : -0.100	 -0.100 	Dst/Theta/Speed: 	2.333316	-2.806955	0.359192 	F: 0.00 (0)
4.4: -1.677576	 1.638302	 -2.866743 : -0.100	 -0.100 	Dst/Theta/Speed: 	2.344844	-2.866743	0.371425 	F: 0.00 (0)
4.5: -1.659716	 1.671546	 -2.926532 : -0.100	 -0.100 	Dst/Theta/Speed: 	2.355573	-2.926532	0.383360 	F: 0.00 (0)
4.6: -1.639689	 1.704914	 -2.986321 : -0.100	 -0.100 	Dst/Theta/Speed: 	2.365441	-2.986321	0.395001 	F: 0.00 (0)
4.7: -1.617467	 1.738254	 -3.046111 : -0.100	 -0.100 	Dst/Theta/Speed: 	2.374389	-3.046111	0.406350 	F: 0.00 (0)
4.8: -1.593034	 1.771410	 -3.105901 : -0.100	 -0.100 	Dst/Theta/Speed: 	2.382362	-3.105901	0.417414 	F: 0.00 (0)
4.9: -1.566380	 1.804230	 -3.165691 : -0.100	 -0.100 	Dst/Theta/Speed: 	2.389308	-3.165691	0.428199 	F: 0.00 (0)
5.0: -1.537507	 1.836556	 3.057704 : -0.100	 -0.100 	Dst/Theta/Speed: 	2.395176	3.057704	0.438711 	F: 0.00 (0)
5.1: -1.507414	 1.868345	 2.996588 : -0.100	 0.099 	Dst/Theta/Speed: 	2.400627	2.996588	0.436761 	F: 0.00 (0)
5.2: -1.477095	 1.899648	 2.932818 : -0.100	 0.099 	Dst/Theta/Speed: 	2.406340	2.932818	0.434824 	F: 0.00 (0)
5.3: -1.446553	 1.930462	 2.866395 : -0.100	 0.099 	Dst/Theta/Speed: 	2.412302	2.866395	0.432902 	F: 0.00 (0)
5.4: -1.415790	 1.960783	 2.797319 : -0.100	 0.099 	Dst/Theta/Speed: 	2.418498	2.797319	0.430994 	F: 0.00 (0)
5.5: -1.384807	 1.990607	 2.725591 : -0.100	 0.099 	Dst/Theta/Speed: 	2.424913	2.725591	0.429103 	F: 0.00 (0)
5.6: -1.353605	 2.019928	 2.651213 : -0.100	 0.099 	Dst/Theta/Speed: 	2.431533	2.651213	0.427235 	F: 0.00 (0)
5.7: -1.322182	 2.048739	 2.574192 : -0.100	 0.098 	Dst/Theta/Speed: 	2.438339	2.574192	0.425408 	F: 0.00 (0)
5.8: -1.290516	 2.077019	 2.494570 : -0.100	 0.092 	Dst/Theta/Speed: 	2.445289	2.494570	0.423713 	F: 0.00 (0)
5.9: -1.258480	 2.104656	 2.412569 : -0.100	 0.064 	Dst/Theta/Speed: 	2.452213	2.412569	0.422467 	F: 0.00 (0)
6.0: -1.225813	 2.131377	 2.328692 : -0.100	 0.017 	Dst/Theta/Speed: 	2.458736	2.328692	0.421568 	F: 0.00 (0)
6.1: -1.192311	 2.156874	 2.243417 : -0.100	 -0.007 	Dst/Theta/Speed: 	2.464491	2.243417	0.420416 	F: 0.00 (0)
6.2: -1.157949	 2.180957	 2.156963 : -0.100	 -0.016 	Dst/Theta/Speed: 	2.469295	2.156963	0.418779 	F: 0.00 (0)
6.3: -1.122789	 2.203508	 2.069402 : -0.100	 -0.018 	Dst/Theta/Speed: 	2.473075	2.069402	0.416607 	F: 0.00 (0)
6.4: -1.086929	 2.224449	 1.980758 : -0.100	 -0.019 	Dst/Theta/Speed: 	2.475801	1.980758	0.413893 	F: 0.00 (0)
6.5: -1.050481	 2.243719	 1.891037 : -0.100	 -0.019 	Dst/Theta/Speed: 	2.477455	1.891037	0.410637 	F: 0.00 (0)
6.6: -1.013565	 2.261268	 1.800241 : -0.100	 -0.019 	Dst/Theta/Speed: 	2.478033	1.800241	0.406841 	F: 0.00 (0)
6.7: -0.976305	 2.277061	 1.708373 : -0.100	 -0.020 	Dst/Theta/Speed: 	2.477535	1.708373	0.402506 	F: 0.00 (0)
6.8: -0.938831	 2.291073	 1.615431 : -0.100	 -0.020 	Dst/Theta/Speed: 	2.475968	1.615431	0.397636 	F: 0.00 (0)
6.9: -0.901273	 2.303292	 1.521416 : -0.100	 -0.020 	Dst/Theta/Speed: 	2.473347	1.521416	0.392234 	F: 0.00 (0)
7.0: -0.863767	 2.313717	 1.426328 : -0.100	 -0.020 	Dst/Theta/Speed: 	2.469692	1.426328	0.386304 	F: 0.00 (0)
7.1: -0.826446	 2.322361	 1.330166 : -0.100	 -0.019 	Dst/Theta/Speed: 	2.465031	1.330166	0.379851 	F: 0.00 (0)
7.2: -0.789444	 2.329252	 1.232931 : -0.100	 -0.019 	Dst/Theta/Speed: 	2.459397	1.232931	0.372882 	F: 0.00 (0)
7.3: -0.752893	 2.334427	 1.134622 : -0.100	 -0.019 	Dst/Theta/Speed: 	2.452835	1.134622	0.365405 	F: 0.00 (0)
7.4: -0.716921	 2.337941	 1.035239 : -0.100	 -0.019 	Dst/Theta/Speed: 	2.445393	1.035239	0.357428 	F: 0.00 (0)
7.5: -0.681653	 2.339859	 0.934780 : -0.100	 -0.019 	Dst/Theta/Speed: 	2.437128	0.934780	0.348962 	F: 0.00 (0)
7.6: -0.647205	 2.340260	 0.833246 : -0.100	 -0.019 	Dst/Theta/Speed: 	2.428105	0.833246	0.340015 	F: 0.00 (0)
7.7: -0.613689	 2.339234	 0.730639 : -0.100	 -0.020 	Dst/Theta/Speed: 	2.418394	0.730639	0.330583 	F: 0.00 (0)
7.8: -0.581214	 2.336878	 0.626968 : -0.100	 -0.021 	Dst/Theta/Speed: 	2.408072	0.626968	0.320609 	F: 0.00 (0)
7.9: -0.549893	 2.333291	 0.522271 : -0.100	 -0.025 	Dst/Theta/Speed: 	2.397213	0.522271	0.309871 	F: 0.00 (0)
8.0: -0.519883	 2.328561	 0.416658 : -0.100	 -0.038 	Dst/Theta/Speed: 	2.385891	0.416658	0.297708 	F: 0.00 (0)
8.1: -0.491436	 2.322758	 0.310387 : -0.100	 -0.064 	Dst/Theta/Speed: 	2.374176	0.310387	0.282937 	F: 0.00 (0)
8.2: -0.464863	 2.315980	 0.203802 : -0.100	 -0.089 	Dst/Theta/Speed: 	2.362173	0.203802	0.265514 	F: 0.00 (0)
8.3: -0.440388	 2.308404	 0.097129 : -0.100	 -0.098 	Dst/Theta/Speed: 	2.350037	0.097129	0.246887 	F: 0.00 (0)
8.4: -0.418098	 2.300262	 -0.009563 : -0.100	 -0.099 	Dst/Theta/Speed: 	2.337950	-0.009563	0.227714 	F: 0.00 (0)
8.5: -0.398013	 2.291800	 -0.116262 : -0.100	 -0.100 	Dst/Theta/Speed: 	2.326105	-0.116262	0.208152 	F: 0.00 (0)
8.6: -0.380123	 2.283266	 -0.222966 : -0.100	 -0.100 	Dst/Theta/Speed: 	2.314691	-0.222966	0.188270 	F: 0.00 (0)
8.7: -0.364386	 2.274903	 -0.329675 : -0.100	 -0.100 	Dst/Theta/Speed: 	2.303902	-0.329675	0.168127 	F: 0.00 (0)
8.8: -0.350738	 2.266952	 -0.436388 : -0.100	 -0.100 	Dst/Theta/Speed: 	2.293924	-0.436388	0.147783 	F: 0.00 (0)
8.9: -0.339086	 2.259641	 -0.543106 : -0.100	 -0.100 	Dst/Theta/Speed: 	2.284941	-0.543106	0.127313 	F: 0.00 (0)
9.0: -0.329319	 2.253190	 -0.649828 : -0.100	 -0.100 	Dst/Theta/Speed: 	2.277129	-0.649828	0.106812 	F: 0.00 (0)
9.1: -0.321298	 2.247805	 -0.756553 : -0.100	 -0.100 	Dst/Theta/Speed: 	2.270652	-0.756553	0.086442 	F: 0.00 (0)
9.2: -0.314869	 2.243675	 -0.863279 : -0.100	 -0.100 	Dst/Theta/Speed: 	2.265661	-0.863279	0.066524 	F: 0.00 (0)
9.3: -0.309852	 2.240972	 -0.970005 : -0.100	 -0.100 	Dst/Theta/Speed: 	2.262292	-0.970005	0.047825 	F: 0.00 (0)
9.4: -0.306056	 2.239847	 -1.076732 : -0.100	 -0.100 	Dst/Theta/Speed: 	2.260660	-1.076732	0.032681 	F: 0.00 (0)
9.5: -0.303270	 2.240429	 -1.183459 : -0.100	 -0.100 	Dst/Theta/Speed: 	2.260861	-1.183459	0.027757 	F: 0.00 (0)
9.6: -0.301274	 2.242822	 -1.290187 : -0.100	 -0.100 	Dst/Theta/Speed: 	2.262966	-1.290187	0.037276 	F: 0.00 (0)
9.7: -0.299835	 2.247108	 -1.396915 : -0.100	 -0.100 	Dst/Theta/Speed: 	2.267023	-1.396915	0.053968 	F: 0.00 (0)
9.8: -0.298716	 2.253341	 -1.503643 : -0.100	 -0.100 	Dst/Theta/Speed: 	2.273055	-1.503643	0.072935 	F: 0.00 (0)
9.9: -0.297672	 2.261551	 -1.610372 : -0.100	 -0.100 	Dst/Theta/Speed: 	2.281057	-1.610372	0.092644 	F: 0.00 (0)
10.0: -0.296459	 2.271738	 -1.717102 : -0.100	 -0.100 	Dst/Theta/Speed: 	2.291000	-1.717102	0.112554 	F: 0.00 (0)
10.1: -0.294833	 2.283879	 -1.823833 : -0.100	 -0.100 	Dst/Theta/Speed: 	2.302831	-1.823833	0.132422 	F: 0.00 (0)
10.2: -0.292554	 2.297924	 -1.930565 : -0.100	 -0.100 	Dst/Theta/Speed: 	2.316472	-1.930565	0.152110 	F: 0.00 (0)
10.3: -0.289389	 2.313794	 -2.037297 : -0.100	 -0.100 	Dst/Theta/Speed: 	2.331821	-2.037297	0.171528 	F: 0.00 (0)
10.4: -0.285113	 2.331391	 -2.144030 : -0.100	 -0.100 	Dst/Theta/Speed: 	2.348759	-2.144030	0.190604 	F: 0.00 (0)
10.5: -0.279513	 2.350586	 -2.250762 : -0.100	 -0.100 	Dst/Theta/Speed: 	2.367147	-2.250762	0.209283 	F: 0.00 (0)
10.6: -0.272391	 2.371235	 -2.357495 : -0.100	 -0.100 	Dst/Theta/Speed: 	2.386829	-2.357495	0.227516 	F: 0.00 (0)
10.7: -0.263567	 2.393166	 -2.464228 : -0.100	 -0.100 	Dst/Theta/Speed: 	2.407636	-2.464228	0.245260 	F: 0.00 (0)
10.8: -0.252876	 2.416194	 -2.570961 : -0.100	 -0.100 	Dst/Theta/Speed: 	2.429391	-2.570961	0.262475 	F: 0.00 (0)
10.9: -0.240178	 2.440114	 -2.677696 : -0.100	 -0.100 	Dst/Theta/Speed: 	2.451905	-2.677696	0.279124 	F: 0.00 (0)
11.0: -0.225352	 2.464706	 -2.784434 : -0.100	 -0.100 	Dst/Theta/Speed: 	2.474987	-2.784434	0.295167 	F: 0.00 (0)
11.1: -0.208305	 2.489741	 -2.891178 : -0.100	 -0.099 	Dst/Theta/Speed: 	2.498440	-2.891178	0.310556 	F: 0.00 (0)
11.2: -0.188971	 2.514977	 -2.997939 : -0.100	 -0.098 	Dst/Theta/Speed: 	2.522066	-2.997939	0.325227 	F: 0.00 (0)
11.3: -0.167319	 2.540167	 -3.104735 : -0.100	 -0.096 	Dst/Theta/Speed: 	2.545672	-3.104735	0.339099 	F: 0.00 (0)
11.4: -0.143348	 2.565065	 -3.211594 : -0.100	 -0.094 	Dst/Theta/Speed: 	2.569068	-3.211594	0.352107 	F: 0.00 (0)
11.5: -0.117092	 2.589427	 2.964631 : -0.100	 -0.091 	Dst/Theta/Speed: 	2.592073	2.964631	0.364209 	F: 0.00 (0)
11.6: -0.089168	 2.613142	 2.856771 : -0.100	 0.026 	Dst/Theta/Speed: 	2.614663	2.856771	0.368460 	F: 0.00 (0)
11.7: -0.060147	 2.636183	 2.747274 : -0.100	 0.020 	Dst/Theta/Speed: 	2.636869	2.747274	0.372611 	F: 0.00 (0)
11.8: -0.030039	 2.658445	 2.636174 : -0.100	 0.021 	Dst/Theta/Speed: 	2.658615	2.636174	0.376230 	F: 0.00 (0)
11.9: 0.001062	 2.679860	 2.523396 : -0.100	 0.031 	Dst/Theta/Speed: 	2.679860	2.523396	0.378938 	F: 0.00 (0)
12.0: 0.032986	 2.700428	 2.408745 : -0.100	 0.050 	Dst/Theta/Speed: 	2.700630	2.408745	0.380550 	F: 0.00 (0)
12.1: 0.065528	 2.720226	 2.291944 : -0.100	 0.073 	Dst/Theta/Speed: 	2.721015	2.291944	0.381266 	F: 0.00 (0)
12.2: 0.098527	 2.739353	 2.172738 : -0.100	 0.088 	Dst/Theta/Speed: 	2.741124	2.172738	0.381563 	F: 0.00 (0)
12.3: 0.131895	 2.757879	 2.050980 : -0.100	 0.095 	Dst/Theta/Speed: 	2.761031	2.050980	0.381775 	F: 0.00 (0)
12.4: 0.165600	 2.775833	 1.926609 : -0.100	 0.097 	Dst/Theta/Speed: 	2.780768	1.926609	0.382005 	F: 0.00 (0)
12.5: 0.199630	 2.793216	 1.799613 : -0.100	 0.097 	Dst/Theta/Speed: 	2.800341	1.799613	0.382265 	F: 0.00 (0)
12.6: 0.233980	 2.810016	 1.669999 : -0.100	 0.095 	Dst/Theta/Speed: 	2.819741	1.669999	0.382507 	F: 0.00 (0)
12.7: 0.268646	 2.826151	 1.537871 : -0.100	 0.082 	Dst/Theta/Speed: 	2.838890	1.537871	0.382232 	F: 0.00 (0)
12.8: 0.303571	 2.841063	 1.403966 : -0.100	 -0.015 	Dst/Theta/Speed: 	2.857235	1.403966	0.377180 	F: 0.00 (0)
12.9: 0.338517	 2.853963	 1.269365 : -0.100	 -0.080 	Dst/Theta/Speed: 	2.873969	1.269365	0.367766 	F: 0.00 (0)
13.0: 0.373165	 2.864540	 1.134567 : -0.100	 -0.090 	Dst/Theta/Speed: 	2.888744	1.134567	0.356686 	F: 0.00 (0)
13.1: 0.407229	 2.872837	 0.999652 : -0.100	 -0.092 	Dst/Theta/Speed: 	2.901556	0.999652	0.344427 	F: 0.00 (0)
13.2: 0.440448	 2.878981	 0.864632 : -0.100	 -0.092 	Dst/Theta/Speed: 	2.912478	0.864632	0.331158 	F: 0.00 (0)
13.3: 0.472591	 2.883144	 0.729504 : -0.100	 -0.092 	Dst/Theta/Speed: 	2.921620	0.729504	0.316998 	F: 0.00 (0)
13.4: 0.503456	 2.885532	 0.594257 : -0.100	 -0.090 	Dst/Theta/Speed: 	2.929123	0.594257	0.302058 	F: 0.00 (0)
13.5: 0.532870	 2.886374	 0.458876 : -0.100	 -0.090 	Dst/Theta/Speed: 	2.935150	0.458876	0.286399 	F: 0.00 (0)
13.6: 0.560685	 2.885917	 0.323367 : -0.100	 -0.091 	Dst/Theta/Speed: 	2.939879	0.323367	0.269920 	F: 0.00 (0)
13.7: 0.586764	 2.884417	 0.187765 : -0.100	 -0.095 	Dst/Theta/Speed: 	2.943494	0.187765	0.252461 	F: 0.00 (0)
13.8: 0.610995	 2.882149	 0.052121 : -0.100	 -0.098 	Dst/Theta/Speed: 	2.946200	0.052121	0.234226 	F: 0.00 (0)
13.9: 0.633319	 2.879405	 -0.083539 : -0.100	 -0.099 	Dst/Theta/Speed: 	2.948230	-0.083539	0.215596 	F: 0.00 (0)
14.0: 0.653734	 2.876485	 -0.219204 : -0.100	 -0.100 	Dst/Theta/Speed: 	2.949836	-0.219204	0.196869 	F: 0.00 (0)
14.1: 0.672282	 2.873687	 -0.354874 : -0.100	 -0.100 	Dst/Theta/Speed: 	2.951277	-0.354874	0.178360 	F: 0.00 (0)
14.2: 0.689047	 2.871299	 -0.490548 : -0.100	 -0.100 	Dst/Theta/Speed: 	2.952820	-0.490548	0.160485 	F: 0.00 (0)
14.3: 0.704153	 2.869597	 -0.626225 : -0.100	 -0.100 	Dst/Theta/Speed: 	2.954728	-0.626225	0.143819 	F: 0.00 (0)
14.4: 0.717757	 2.868834	 -0.761905 : -0.100	 -0.100 	Dst/Theta/Speed: 	2.957259	-0.761905	0.129169 	F: 0.00 (0)
14.5: 0.730052	 2.869241	 -0.897587 : -0.100	 -0.100 	Dst/Theta/Speed: 	2.960662	-0.897587	0.117608 	F: 0.00 (0)
14.6: 0.741261	 2.871021	 -1.033272 : -0.100	 -0.100 	Dst/Theta/Speed: 	2.965169	-1.033272	0.110388 	F: 0.00 (0)
14.7: 0.751631	 2.874342	 -1.168959 : -0.100	 -0.100 	Dst/Theta/Speed: 	2.970992	-1.168959	0.108589 	F: 0.00 (0)
14.8: 0.761431	 2.879339	 -1.304647 : -0.100	 -0.100 	Dst/Theta/Speed: 	2.978317	-1.304647	0.112603 	F: 0.00 (0)
14.9: 0.770947	 2.886108	 -1.440336 : -0.100	 -0.100 	Dst/Theta/Speed: 	2.987303	-1.440336	0.121915 	F: 0.00 (0)
15.0: 0.780473	 2.894704	 -1.576026 : -0.100	 -0.100 	Dst/Theta/Speed: 	2.998075	-1.576026	0.135421 	F: 0.00 (0)
15.1: 0.790312	 2.905143	 -1.711716 : -0.100	 -0.100 	Dst/Theta/Speed: 	3.010722	-1.711716	0.151936 	F: 0.00 (0)
15.2: 0.800765	 2.917396	 -1.847407 : -0.100	 -0.100 	Dst/Theta/Speed: 	3.025298	-1.847407	0.170473 	F: 0.00 (0)
15.3: 0.812127	 2.931396	 -1.983099 : -0.100	 -0.100 	Dst/Theta/Speed: 	3.041814	-1.983099	0.190292 	F: 0.00 (0)
15.4: 0.824682	 2.947033	 -2.118793 : -0.100	 -0.100 	Dst/Theta/Speed: 	3.060245	-2.118793	0.210861 	F: 0.00 (0)
15.5: 0.838697	 2.964160	 -2.254489 : -0.100	 -0.100 	Dst/Theta/Speed: 	3.080529	-2.254489	0.231790 	F: 0.00 (0)
15.6: 0.854417	 2.982596	 -2.390189 : -0.100	 -0.100 	Dst/Theta/Speed: 	3.102565	-2.390189	0.252788 	F: 0.00 (0)
15.7: 0.872063	 3.002127	 -2.525892 : -0.100	 -0.100 	Dst/Theta/Speed: 	3.126222	-2.525892	0.273630 	F: 0.00 (0)
15.8: 0.891824	 3.022511	 -2.661598 : -0.100	 -0.100 	Dst/Theta/Speed: 	3.151337	-2.661598	0.294133 	F: 0.00 (0)
15.9: 0.913856	 3.043481	 -2.797309 : -0.100	 -0.100 	Dst/Theta/Speed: 	3.177721	-2.797309	0.314145 	F: 0.00 (0)
16.0: 0.938278	 3.064752	 -2.933026 : -0.100	 -0.100 	Dst/Theta/Speed: 	3.205163	-2.933026	0.333534 	F: 0.00 (0)
16.1: 0.965170	 3.086026	 -3.068748 : -0.100	 -0.099 	Dst/Theta/Speed: 	3.233436	-3.068748	0.352181 	F: 0.00 (0)
16.2: 0.994570	 3.106994	 -3.204480 : -0.100	 -0.099 	Dst/Theta/Speed: 	3.262297	-3.204480	0.369977 	F: 0.00 (0)
16.3: 1.026474	 3.127347	 2.942959 : -0.100	 -0.099 	Dst/Theta/Speed: 	3.291496	2.942959	0.386814 	F: 0.00 (0)
16.4: 1.059877	 3.147023	 2.805870 : -0.100	 0.100 	Dst/Theta/Speed: 	3.320706	2.805870	0.388552 	F: 0.00 (0)
16.5: 1.093797	 3.166159	 2.666120 : -0.100	 0.100 	Dst/Theta/Speed: 	3.349769	2.666120	0.390380 	F: 0.00 (0)
16.6: 1.128251	 3.184735	 2.523738 : -0.100	 0.095 	Dst/Theta/Speed: 	3.378681	2.523738	0.392501 	F: 0.00 (0)
16.7: 1.163457	 3.202567	 2.379100 : -0.100	 0.043 	Dst/Theta/Speed: 	3.407355	2.379100	0.396735 	F: 0.00 (0)
16.8: 1.199797	 3.219198	 2.232986 : -0.100	 -0.022 	Dst/Theta/Speed: 	3.435513	2.232986	0.402470 	F: 0.00 (0)
16.9: 1.237441	 3.234176	 2.085999 : -0.100	 -0.047 	Dst/Theta/Speed: 	3.462825	2.085999	0.407707 	F: 0.00 (0)
17.0: 1.276293	 3.247219	 1.938373 : -0.100	 -0.057 	Dst/Theta/Speed: 	3.489034	1.938373	0.411837 	F: 0.00 (0)
17.1: 1.316154	 3.258144	 1.790210 : -0.100	 -0.062 	Dst/Theta/Speed: 	3.513938	1.790210	0.414659 	F: 0.00 (0)

Starting Conditions: -1.50035, 0, -1.09007, 0, 4.93411, 0, 
0.1: -1.500494	 -1.090065	 -1.350400 : -0.100	 0.099 	Dst/Theta/Speed: 	1.854649	-1.350400	0.002892 	F: 0.00 (0)
0.2: -1.500928	 -1.090054	 -1.354393 : -0.100	 0.100 	Dst/Theta/Speed: 	1.854993	-1.354393	0.005776 	F: 0.00 (0)
0.3: -1.501649	 -1.090032	 -1.361050 : -0.100	 0.100 	Dst/Theta/Speed: 	1.855565	-1.361050	0.008660 	F: 0.00 (0)
0.4: -1.502659	 -1.089996	 -1.370373 : -0.100	 0.100 	Dst/Theta/Speed: 	1.856360	-1.370373	0.011545 	F: 0.00 (0)
0.5: -1.503956	 -1.089940	 -1.382360 : -0.100	 0.100 	Dst/Theta/Speed: 	1.857378	-1.382360	0.014432 	F: 0.00 (0)
0.6: -1.505542	 -1.089859	 -1.397012 : -0.100	 0.100 	Dst/Theta/Speed: 	1.858615	-1.397012	0.017321 	F: 0.00 (0)
0.7: -1.507415	 -1.089749	 -1.414329 : -0.100	 0.100 	Dst/Theta/Speed: 	1.860068	-1.414329	0.020211 	F: 0.00 (0)
0.8: -1.509576	 -1.089606	 -1.434310 : -0.100	 0.100 	Dst/Theta/Speed: 	1.861736	-1.434310	0.023105 	F: 0.00 (0)
0.9: -1.512025	 -1.089423	 -1.456956 : -0.100	 0.100 	Dst/Theta/Speed: 	1.863615	-1.456956	0.026002 	F: 0.00 (0)
1.0: -1.514760	 -1.089197	 -1.482265 : -0.100	 0.100 	Dst/Theta/Speed: 	1.865704	-1.482265	0.028902 	F: 0.00 (0)
1.1: -1.517783	 -1.088923	 -1.510238 : -0.100	 0.100 	Dst/Theta/Speed: 	1.867999	-1.510238	0.031806 	F: 0.00 (0)
1.2: -1.521093	 -1.088594	 -1.540872 : -0.100	 0.100 	Dst/Theta/Speed: 	1.870497	-1.540872	0.034715 	F: 0.00 (0)
1.3: -1.524689	 -1.088204	 -1.574166 : -0.100	 0.099 	Dst/Theta/Speed: 	1.873197	-1.574166	0.037630 	F: 0.00 (0)
1.4: -1.528571	 -1.087745	 -1.610114 : -0.100	 0.099 	Dst/Theta/Speed: 	1.876091	-1.610114	0.040553 	F: 0.00 (0)
1.5: -1.532738	 -1.087201	 -1.648700 : -0.100	 0.097 	Dst/Theta/Speed: 	1.879173	-1.648700	0.043488 	F: 0.00 (0)
1.6: -1.537184	 -1.086530	 -1.689876 : -0.100	 0.092 	Dst/Theta/Speed: 	1.882414	-1.689876	0.046445 	F: 0.00 (0)
1.7: -1.541891	 -1.085609	 -1.733481 : -0.100	 0.073 	Dst/Theta/Speed: 	1.885729	-1.733481	0.049488 	F: 0.00 (0)
1.8: -1.546787	 -1.084100	 -1.779061 : -0.100	 0.024 	Dst/Theta/Speed: 	1.888868	-1.779061	0.053180 	F: 0.00 (0)
1.9: -1.551720	 -1.081459	 -1.825871 : -0.100	 -0.039 	Dst/Theta/Speed: 	1.891399	-1.825871	0.059339 	F: 0.00 (0)
2.0: -1.556497	 -1.077222	 -1.873255 : -0.100	 -0.075 	Dst/Theta/Speed: 	1.892906	-1.873255	0.069072 	F: 0.00 (0)
2.1: -1.560949	 -1.071175	 -1.920879 : -0.100	 -0.089 	Dst/Theta/Speed: 	1.893139	-1.920879	0.081634 	F: 0.00 (0)
2.2: -1.564929	 -1.063258	 -1.968610 : -0.100	 -0.095 	Dst/Theta/Speed: 	1.891962	-1.968610	0.095945 	F: 0.00 (0)
2.3: -1.568310	 -1.053476	 -2.016398 : -0.100	 -0.097 	Dst/Theta/Speed: 	1.889288	-2.016398	0.111268 	F: 0.00 (0)
2.4: -1.570969	 -1.041863	 -2.064215 : -0.100	 -0.098 	Dst/Theta/Speed: 	1.885052	-2.064215	0.127164 	F: 0.00 (0)
2.5: -1.572788	 -1.028464	 -2.112051 : -0.100	 -0.099 	Dst/Theta/Speed: 	1.879202	-2.112051	0.143378 	F: 0.00 (0)
2.6: -1.573655	 -1.013336	 -2.159897 : -0.100	 -0.099 	Dst/Theta/Speed: 	1.871694	-2.159897	0.159752 	F: 0.00 (0)
2.7: -1.573459	 -0.996543	 -2.207747 : -0.100	 -0.100 	Dst/Theta/Speed: 	1.862491	-2.207747	0.176184 	F: 0.00 (0)
2.8: -1.572096	 -0.978157	 -2.255600 : -0.100	 -0.100 	Dst/Theta/Speed: 	1.851560	-2.255600	0.192603 	F: 0.29 (0)
2.9: -1.569463	 -0.958254	 -2.303454 : -0.100	 -0.100 	Dst/Theta/Speed: 	1.838876	-2.303454	0.208961 	F: 0.29 (0)
3.0: -1.565465	 -0.936917	 -2.351308 : -0.100	 -0.100 	Dst/Theta/Speed: 	1.824416	-2.351308	0.225227 	F: 0.29 (0)
3.1: -1.560007	 -0.914236	 -2.399162 : -0.100	 -0.100 	Dst/Theta/Speed: 	1.808162	-2.399162	0.241379 	F: 0.29 (0)
3.2: -1.553003	 -0.890302	 -2.447016 : -0.100	 -0.100 	Dst/Theta/Speed: 	1.790100	-2.447016	0.257401 	F: 0.29 (0)
3.3: -1.544369	 -0.865213	 -2.494870 : -0.100	 -0.100 	Dst/Theta/Speed: 	1.770217	-2.494870	0.273283 	F: 0.28 (0)
3.4: -1.534025	 -0.839071	 -2.542725 : -0.100	 -0.100 	Dst/Theta/Speed: 	1.748506	-2.542725	0.289019 	F: 0.28 (0)
3.5: -1.521898	 -0.811981	 -2.590579 : -0.100	 -0.100 	Dst/Theta/Speed: 	1.724960	-2.590579	0.304603 	F: 0.28 (0)
3.6: -1.507919	 -0.784054	 -2.638433 : -0.100	 -0.100 	Dst/Theta/Speed: 	1.699577	-2.638433	0.320033 	F: 0.28 (0)
3.7: -1.492026	 -0.755401	 -2.686288 : -0.100	 -0.100 	Dst/Theta/Speed: 	1.672355	-2.686288	0.335308 	F: 0.28 (0)
3.8: -1.474159	 -0.726139	 -2.734142 : -0.100	 -0.100 	Dst/Theta/Speed: 	1.643296	-2.734142	0.350427 	F: 0.28 (0)
3.9: -1.454267	 -0.696386	 -2.781996 : -0.100	 -0.100 	Dst/Theta/Speed: 	1.612404	-2.781996	0.365393 	F: 0.28 (0)
4.0: -1.432303	 -0.666264	 -2.829850 : -0.100	 -0.100 	Dst/Theta/Speed: 	1.579684	-2.829850	0.380208 	F: 0.28 (0)
4.1: -1.408227	 -0.635898	 -2.877705 : -0.100	 -0.100 	Dst/Theta/Speed: 	1.545144	-2.877705	0.394876 	F: 0.28 (0)
4.2: -1.382004	 -0.605412	 -2.925559 : -0.100	 -0.100 	Dst/Theta/Speed: 	1.508794	-2.925559	0.409400 	F: 0.28 (0)
4.3: -1.353606	 -0.574935	 -2.973414 : -0.100	 -0.100 	Dst/Theta/Speed: 	1.470646	-2.973414	0.423785 	F: 0.28 (0)
4.4: -1.323009	 -0.544594	 -3.021268 : -0.100	 -0.100 	Dst/Theta/Speed: 	1.430712	-3.021268	0.438038 	F: 0.29 (0)
4.5: -1.290197	 -0.514521	 -3.069122 : -0.100	 -0.100 	Dst/Theta/Speed: 	1.389007	-3.069122	0.452164 	F: 0.29 (0)
4.6: -1.255161	 -0.484846	 -3.116977 : -0.100	 -0.100 	Dst/Theta/Speed: 	1.345550	-3.116977	0.466169 	F: 0.29 (0)
4.7: -1.217896	 -0.455701	 -3.164831 : -0.100	 -0.100 	Dst/Theta/Speed: 	1.300359	-3.164831	0.480060 	F: 0.29 (0)
4.8: -1.178404	 -0.427215	 3.070500 : -0.100	 -0.100 	Dst/Theta/Speed: 	1.253455	3.070500	0.493844 	F: 0.30 (0)
4.9: -1.137644	 -0.399434	 3.021374 : -0.100	 0.091 	Dst/Theta/Speed: 	1.205728	3.021374	0.492720 	F: 0.30 (0)
5.0: -1.096568	 -0.372318	 2.969708 : -0.100	 0.090 	Dst/Theta/Speed: 	1.158051	2.969708	0.491659 	F: 0.31 (0)
5.1: -1.055176	 -0.345880	 2.915510 : -0.100	 0.090 	Dst/Theta/Speed: 	1.110419	2.915510	0.490661 	F: 0.32 (0)
5.2: -1.013466	 -0.320130	 2.858786 : -0.100	 0.089 	Dst/Theta/Speed: 	1.062824	2.858786	0.489722 	F: 0.33 (0)
5.3: -0.971436	 -0.295081	 2.799545 : -0.100	 0.089 	Dst/Theta/Speed: 	1.015264	2.799545	0.488841 	F: 0.33 (0)
5.4: -0.929088	 -0.270747	 2.737793 : -0.100	 0.088 	Dst/Theta/Speed: 	0.967734	2.737793	0.488011 	F: 0.34 (0)
5.5: -0.886421	 -0.247141	 2.673539 : -0.100	 0.087 	Dst/Theta/Speed: 	0.920229	2.673539	0.487230 	F: 0.35 (0)
5.6: -0.843437	 -0.224279	 2.606790 : -0.100	 0.087 	Dst/Theta/Speed: 	0.872747	2.606790	0.486492 	F: 0.36 (0)
5.7: -0.800139	 -0.202177	 2.537557 : -0.100	 0.086 	Dst/Theta/Speed: 	0.825286	2.537557	0.485793 	F: 0.37 (0)
5.8: -0.756528	 -0.180852	 2.465849 : -0.100	 0.085 	Dst/Theta/Speed: 	0.777844	2.465849	0.485129 	F: 0.38 (0)
5.9: -0.712608	 -0.160323	 2.391678 : -0.100	 0.084 	Dst/Theta/Speed: 	0.730420	2.391678	0.484496 	F: 0.39 (0)
6.0: -0.668384	 -0.140611	 2.315059 : -0.100	 0.083 	Dst/Theta/Speed: 	0.683014	2.315059	0.483889 	F: 0.40 (0)
6.1: -0.623859	 -0.121739	 2.236010 : -0.100	 0.081 	Dst/Theta/Speed: 	0.635626	2.236010	0.483301 	F: 0.41 (0)
6.2: -0.579039	 -0.103736	 2.154554 : -0.100	 0.080 	Dst/Theta/Speed: 	0.588258	2.154554	0.482719 	F: 0.42 (0)
6.3: -0.533931	 -0.086630	 2.070717 : -0.100	 0.077 	Dst/Theta/Speed: 	0.540913	2.070717	0.482122 	F: 0.44 (0)
6.4: -0.488548	 -0.070456	 1.984527 : -0.100	 0.076 	Dst/Theta/Speed: 	0.493602	1.984527	0.481478 	F: 0.45 (0)
6.5: -0.442906	 -0.055238	 1.896003 : -0.100	 0.075 	Dst/Theta/Speed: 	0.446338	1.896003	0.480751 	F: 0.47 (0)
6.6: -0.397035	 -0.040986	 1.805142 : -0.100	 0.076 	Dst/Theta/Speed: 	0.399145	1.805142	0.479930 	F: 0.48 (0)
6.7: -0.350970	 -0.027676	 1.711898 : -0.100	 0.082 	Dst/Theta/Speed: 	0.352059	1.711898	0.479068 	F: 0.50 (0)
6.8: -0.304745	 -0.015244	 1.616175 : -0.100	 0.090 	Dst/Theta/Speed: 	0.305126	1.616175	0.478297 	F: 0.52 (0)
6.9: -0.258382	 -0.003614	 1.517868 : -0.100	 0.097 	Dst/Theta/Speed: 	0.258408	1.517868	0.477704 	F: 0.54 (0)
7.0: -0.211890	 0.007256	 1.416917 : -0.100	 0.100 	Dst/Theta/Speed: 	0.212014	1.416917	0.477248 	F: 0.56 (0)
7.1: -0.165270	 0.017378	 1.313304 : -0.100	 0.100 	Dst/Theta/Speed: 	0.166181	1.313304	0.476889 	F: 0.58 (0)
7.2: -0.118527	 0.026752	 1.207025 : -0.100	 0.100 	Dst/Theta/Speed: 	0.121508	1.207025	0.476617 	F: 0.60 (0)
7.3: -0.071663	 0.035375	 1.098082 : -0.100	 0.100 	Dst/Theta/Speed: 	0.079919	1.098082	0.476422 	F: 0.63 (1)
7.4: -0.024683	 0.043244	 0.986478 : -0.100	 0.100 	Dst/Theta/Speed: 	0.049793	0.986478	0.476300 	F: 0.65 (2)
7.5: 0.022411	 0.050357	 0.872212 : -0.100	 0.100 	Dst/Theta/Speed: 	0.055119	0.872212	0.476269 	F: 0.64 (3)
7.6: 0.069614	 0.056714	 0.755284 : -0.100	 0.100 	Dst/Theta/Speed: 	0.089792	0.755284	0.476343 	F: 0.62 (4)

Starting Conditions: -0.57778, 0, -1.77822, 0, 0.862973, 0, 
0.1: -0.577835	 -1.778223	 0.861640 : -0.100	 0.100 	Dst/Theta/Speed: 	1.869751	0.861640	0.001109 	F: 0.00 (0)
0.2: -0.578002	 -1.778221	 0.857640 : -0.100	 0.100 	Dst/Theta/Speed: 	1.869801	0.857640	0.002219 	F: 0.00 (0)
0.3: -0.578279	 -1.778215	 0.850973 : -0.100	 0.100 	Dst/Theta/Speed: 	1.869881	0.850973	0.003329 	F: 0.00 (0)
0.4: -0.578667	 -1.778204	 0.841640 : -0.100	 0.100 	Dst/Theta/Speed: 	1.869991	0.841640	0.004439 	F: 0.00 (0)
0.5: -0.579166	 -1.778186	 0.829640 : -0.100	 0.100 	Dst/Theta/Speed: 	1.870128	0.829640	0.005550 	F: 0.00 (0)
0.6: -0.579776	 -1.778159	 0.814973 : -0.100	 0.100 	Dst/Theta/Speed: 	1.870292	0.814973	0.006661 	F: 0.00 (0)
0.7: -0.580497	 -1.778122	 0.797640 : -0.100	 0.100 	Dst/Theta/Speed: 	1.870479	0.797640	0.007773 	F: 0.00 (0)
0.8: -0.581328	 -1.778072	 0.777640 : -0.100	 0.100 	Dst/Theta/Speed: 	1.870690	0.777640	0.008887 	F: 0.00 (0)
0.9: -0.582271	 -1.778008	 0.754973 : -0.100	 0.100 	Dst/Theta/Speed: 	1.870922	0.754973	0.010001 	F: 0.00 (0)
1.0: -0.583323	 -1.777927	 0.729640 : -0.100	 0.100 	Dst/Theta/Speed: 	1.871174	0.729640	0.011117 	F: 0.00 (0)
1.1: -0.584487	 -1.777830	 0.701640 : -0.100	 0.100 	Dst/Theta/Speed: 	1.871444	0.701640	0.012234 	F: 0.00 (0)
1.2: -0.585761	 -1.777712	 0.670973 : -0.100	 0.100 	Dst/Theta/Speed: 	1.871731	0.670973	0.013353 	F: 0.00 (0)
1.3: -0.587145	 -1.777574	 0.637640 : -0.100	 0.100 	Dst/Theta/Speed: 	1.872033	0.637640	0.014473 	F: 0.00 (0)
1.4: -0.588640	 -1.777412	 0.601640 : -0.100	 0.100 	Dst/Theta/Speed: 	1.872349	0.601640	0.015595 	F: 0.00 (0)
1.5: -0.590245	 -1.777225	 0.562973 : -0.100	 0.100 	Dst/Theta/Speed: 	1.872677	0.562973	0.016720 	F: 0.00 (0)
1.6: -0.591960	 -1.777012	 0.521640 : -0.100	 0.100 	Dst/Theta/Speed: 	1.873016	0.521640	0.017846 	F: 0.00 (0)
1.7: -0.593785	 -1.776771	 0.477640 : -0.100	 0.100 	Dst/Theta/Speed: 	1.873365	0.477640	0.018974 	F: 0.00 (0)
1.8: -0.595720	 -1.776500	 0.430973 : -0.100	 0.100 	Dst/Theta/Speed: 	1.873722	0.430973	0.020105 	F: 0.00 (0)
1.9: -0.597765	 -1.776196	 0.381640 : -0.100	 0.100 	Dst/Theta/Speed: 	1.874086	0.381640	0.021238 	F: 0.00 (0)
2.0: -0.599919	 -1.775860	 0.329640 : -0.100	 0.100 	Dst/Theta/Speed: 	1.874455	0.329640	0.022374 	F: 0.00 (0)
2.1: -0.602183	 -1.775487	 0.274973 : -0.100	 0.100 	Dst/Theta/Speed: 	1.874828	0.274973	0.023513 	F: 0.00 (0)
2.2: -0.604556	 -1.775078	 0.217640 : -0.100	 0.100 	Dst/Theta/Speed: 	1.875204	0.217640	0.024655 	F: 0.00 (0)
2.3: -0.607039	 -1.774630	 0.157640 : -0.100	 0.100 	Dst/Theta/Speed: 	1.875582	0.157640	0.025799 	F: 0.00 (0)
2.4: -0.609631	 -1.774141	 0.094973 : -0.100	 0.100 	Dst/Theta/Speed: 	1.875960	0.094973	0.026947 	F: 0.00 (0)
2.5: -0.612331	 -1.773610	 0.029640 : -0.100	 0.100 	Dst/Theta/Speed: 	1.876338	0.029640	0.028098 	F: 0.00 (0)
2.6: -0.615140	 -1.773035	 -0.038360 : -0.100	 0.100 	Dst/Theta/Speed: 	1.876713	-0.038360	0.029253 	F: 0.00 (0)
2.7: -0.618058	 -1.772414	 -0.109027 : -0.100	 0.100 	Dst/Theta/Speed: 	1.877085	-0.109027	0.030410 	F: 0.00 (0)
2.8: -0.621084	 -1.771746	 -0.182360 : -0.100	 0.100 	Dst/Theta/Speed: 	1.877453	-0.182360	0.031572 	F: 0.00 (0)
2.9: -0.624219	 -1.771028	 -0.258360 : -0.100	 0.100 	Dst/Theta/Speed: 	1.877815	-0.258360	0.032737 	F: 0.00 (0)
3.0: -0.627461	 -1.770259	 -0.337027 : -0.100	 0.100 	Dst/Theta/Speed: 	1.878170	-0.337027	0.033907 	F: 0.00 (0)
3.1: -0.630811	 -1.769437	 -0.418360 : -0.100	 0.100 	Dst/Theta/Speed: 	1.878518	-0.418360	0.035081 	F: 0.00 (0)
3.2: -0.634269	 -1.768561	 -0.502359 : -0.100	 0.100 	Dst/Theta/Speed: 	1.878857	-0.502359	0.036266 	F: 0.00 (0)
3.3: -0.637839	 -1.767626	 -0.589017 : -0.100	 0.099 	Dst/Theta/Speed: 	1.879186	-0.589017	0.037554 	F: 0.00 (0)
3.4: -0.641608	 -1.766567	 -0.678193 : -0.100	 0.079 	Dst/Theta/Speed: 	1.879473	-0.678193	0.040731 	F: 0.00 (0)
3.5: -0.646070	 -1.764946	 -0.769004 : -0.100	 -0.033 	Dst/Theta/Speed: 	1.879479	-0.769004	0.054272 	F: 0.00 (0)
3.6: -0.651761	 -1.762130	 -0.860355 : -0.100	 -0.086 	Dst/Theta/Speed: 	1.878801	-0.860355	0.072807 	F: 0.00 (0)
3.7: -0.658761	 -1.757768	 -0.951835 : -0.100	 -0.095 	Dst/Theta/Speed: 	1.877156	-0.951835	0.092170 	F: 0.00 (0)
3.8: -0.666938	 -1.751691	 -1.043368 : -0.100	 -0.097 	Dst/Theta/Speed: 	1.874360	-1.043368	0.111633 	F: 0.00 (0)
3.9: -0.676126	 -1.743768	 -1.134936 : -0.100	 -0.098 	Dst/Theta/Speed: 	1.870261	-1.134936	0.131007 	F: 0.00 (0)
4.0: -0.686137	 -1.733895	 -1.226525 : -0.100	 -0.099 	Dst/Theta/Speed: 	1.864719	-1.226525	0.150219 	F: 0.30 (0)
4.1: -0.696778	 -1.721984	 -1.318126 : -0.100	 -0.099 	Dst/Theta/Speed: 	1.857614	-1.318126	0.169218 	F: 0.30 (0)
4.2: -0.707843	 -1.707968	 -1.409733 : -0.100	 -0.100 	Dst/Theta/Speed: 	1.848837	-1.409733	0.187940 	F: 0.30 (0)
4.3: -0.719124	 -1.691801	 -1.501341 : -0.100	 -0.100 	Dst/Theta/Speed: 	1.838295	-1.501341	0.206325 	F: 0.29 (0)
4.4: -0.730405	 -1.673459	 -1.592949 : -0.100	 -0.100 	Dst/Theta/Speed: 	1.825913	-1.592949	0.224327 	F: 0.29 (0)
4.5: -0.741471	 -1.652941	 -1.684558 : -0.100	 -0.100 	Dst/Theta/Speed: 	1.811627	-1.684558	0.241911 	F: 0.29 (0)
4.6: -0.752107	 -1.630263	 -1.776166 : -0.100	 -0.100 	Dst/Theta/Speed: 	1.795389	-1.776166	0.259044 	F: 0.28 (0)
4.7: -0.762100	 -1.605463	 -1.867775 : -0.100	 -0.100 	Dst/Theta/Speed: 	1.777162	-1.867775	0.275694 	F: 0.28 (0)
4.8: -0.771241	 -1.578598	 -1.959383 : -0.100	 -0.100 	Dst/Theta/Speed: 	1.756925	-1.959383	0.291831 	F: 0.28 (0)
4.9: -0.779327	 -1.549746	 -2.050992 : -0.100	 -0.100 	Dst/Theta/Speed: 	1.734665	-2.050992	0.307427 	F: 0.28 (0)
5.0: -0.786162	 -1.519002	 -2.142601 : -0.100	 -0.100 	Dst/Theta/Speed: 	1.710385	-2.142601	0.322454 	F: 0.28 (0)
5.1: -0.791561	 -1.486478	 -2.234209 : -0.100	 -0.100 	Dst/Theta/Speed: 	1.684098	-2.234209	0.336888 	F: 0.28 (0)
5.2: -0.795347	 -1.452307	 -2.325818 : -0.100	 -0.100 	Dst/Theta/Speed: 	1.655830	-2.325818	0.350703 	F: 0.28 (0)
5.3: -0.797357	 -1.416633	 -2.417427 : -0.100	 -0.100 	Dst/Theta/Speed: 	1.625616	-2.417427	0.363878 	F: 0.28 (0)
5.4: -0.797441	 -1.379619	 -2.509035 : -0.100	 -0.100 	Dst/Theta/Speed: 	1.593506	-2.509035	0.376394 	F: 0.28 (0)
5.5: -0.795465	 -1.341438	 -2.600644 : -0.100	 -0.100 	Dst/Theta/Speed: 	1.559557	-2.600644	0.388231 	F: 0.28 (0)
5.6: -0.791309	 -1.302276	 -2.692253 : -0.100	 -0.100 	Dst/Theta/Speed: 	1.523842	-2.692253	0.399375 	F: 0.28 (0)
5.7: -0.784872	 -1.262331	 -2.783861 : -0.100	 -0.100 	Dst/Theta/Speed: 	1.486440	-2.783861	0.409812 	F: 0.29 (0)
5.8: -0.776069	 -1.221808	 -2.875470 : -0.100	 -0.100 	Dst/Theta/Speed: 	1.447446	-2.875470	0.419530 	F: 0.29 (0)
5.9: -0.764836	 -1.180920	 -2.967079 : -0.100	 -0.100 	Dst/Theta/Speed: 	1.406963	-2.967079	0.428521 	F: 0.29 (0)
6.0: -0.751125	 -1.139884	 -3.058688 : -0.100	 -0.100 	Dst/Theta/Speed: 	1.365110	-3.058688	0.436778 	F: 0.29 (0)
6.1: -0.734911	 -1.098922	 -3.150296 : -0.100	 -0.100 	Dst/Theta/Speed: 	1.322015	-3.150296	0.444297 	F: 0.30 (0)
6.2: -0.716185	 -1.058257	 3.041280 : -0.100	 -0.100 	Dst/Theta/Speed: 	1.277822	3.041280	0.451076 	F: 0.30 (0)
6.3: -0.695952	 -1.017976	 2.948339 : -0.100	 0.100 	Dst/Theta/Speed: 	1.233136	2.948339	0.450472 	F: 0.31 (0)
6.4: -0.675210	 -0.978023	 2.852732 : -0.100	 0.100 	Dst/Theta/Speed: 	1.188460	2.852732	0.449866 	F: 0.32 (0)
6.5: -0.653960	 -0.938406	 2.754460 : -0.100	 0.100 	Dst/Theta/Speed: 	1.143796	2.754460	0.449264 	F: 0.32 (0)
6.6: -0.632204	 -0.899133	 2.653520 : -0.100	 0.100 	Dst/Theta/Speed: 	1.099146	2.653520	0.448665 	F: 0.33 (0)
6.7: -0.609945	 -0.860212	 2.549915 : -0.100	 0.100 	Dst/Theta/Speed: 	1.054513	2.549915	0.448073 	F: 0.34 (0)
6.8: -0.587182	 -0.821652	 2.443642 : -0.100	 0.100 	Dst/Theta/Speed: 	1.009898	2.443642	0.447489 	F: 0.34 (0)
6.9: -0.563918	 -0.783460	 2.334703 : -0.100	 0.100 	Dst/Theta/Speed: 	0.965305	2.334703	0.446914 	F: 0.35 (0)
7.0: -0.540155	 -0.745644	 2.223098 : -0.100	 0.100 	Dst/Theta/Speed: 	0.920734	2.223098	0.446350 	F: 0.36 (0)
7.1: -0.515893	 -0.708212	 2.108825 : -0.100	 0.100 	Dst/Theta/Speed: 	0.876190	2.108825	0.445799 	F: 0.37 (0)
7.2: -0.491134	 -0.671172	 1.991886 : -0.100	 0.100 	Dst/Theta/Speed: 	0.831676	1.991886	0.445262 	F: 0.38 (0)
7.3: -0.465880	 -0.634533	 1.872281 : -0.100	 0.100 	Dst/Theta/Speed: 	0.787195	1.872281	0.444740 	F: 0.39 (0)
7.4: -0.440133	 -0.598301	 1.750009 : -0.100	 0.100 	Dst/Theta/Speed: 	0.742752	1.750009	0.444236 	F: 0.40 (0)
7.5: -0.413893	 -0.562486	 1.625070 : -0.100	 0.100 	Dst/Theta/Speed: 	0.698354	1.625070	0.443752 	F: 0.41 (0)
7.6: -0.387164	 -0.527094	 1.497464 : -0.100	 0.100 	Dst/Theta/Speed: 	0.654006	1.497464	0.443288 	F: 0.42 (0)
7.7: -0.359946	 -0.492134	 1.367192 : -0.100	 0.100 	Dst/Theta/Speed: 	0.609718	1.367192	0.442847 	F: 0.43 (0)
7.8: -0.332241	 -0.457613	 1.234253 : -0.100	 0.100 	Dst/Theta/Speed: 	0.565503	1.234253	0.442431 	F: 0.44 (0)
7.9: -0.304051	 -0.423539	 1.098648 : -0.100	 0.100 	Dst/Theta/Speed: 	0.521376	1.098648	0.442042 	F: 0.46 (0)
8.0: -0.275378	 -0.389921	 0.960376 : -0.100	 0.100 	Dst/Theta/Speed: 	0.477359	0.960376	0.441679 	F: 0.47 (0)
8.1: -0.246225	 -0.356766	 0.819439 : -0.100	 0.100 	Dst/Theta/Speed: 	0.433484	0.819439	0.441320 	F: 0.48 (0)
8.2: -0.216598	 -0.324087	 0.675847 : -0.100	 0.099 	Dst/Theta/Speed: 	0.389804	0.675847	0.440880 	F: 0.50 (0)
8.3: -0.186518	 -0.291905	 0.529629 : -0.100	 0.095 	Dst/Theta/Speed: 	0.346406	0.529629	0.440169 	F: 0.52 (0)
8.4: -0.156019	 -0.260238	 0.380829 : -0.100	 0.092 	Dst/Theta/Speed: 	0.303424	0.380829	0.439160 	F: 0.53 (0)
8.5: -0.125146	 -0.229101	 0.229504 : -0.100	 0.087 	Dst/Theta/Speed: 	0.261053	0.229504	0.437832 	F: 0.55 (0)
8.6: -0.094055	 -0.198512	 0.075857 : -0.100	 0.061 	Dst/Theta/Speed: 	0.219667	0.075857	0.434538 	F: 0.57 (0)
8.7: -0.062954	 -0.168452	 -0.079845 : -0.100	 0.047 	Dst/Theta/Speed: 	0.179832	-0.079845	0.430638 	F: 0.59 (0)
8.8: -0.031817	 -0.138861	 -0.237640 : -0.100	 0.067 	Dst/Theta/Speed: 	0.142459	-0.237640	0.428546 	F: 0.61 (0)
8.9: -0.000474	 -0.109710	 -0.397748 : -0.100	 0.080 	Dst/Theta/Speed: 	0.109711	-0.397748	0.427582 	F: 0.63 (1)
9.0: 0.031173	 -0.080998	 -0.560294 : -0.100	 0.085 	Dst/Theta/Speed: 	0.086789	-0.560294	0.427091 	F: 0.64 (2)
9.1: 0.063142	 -0.052705	 -0.725283 : -0.100	 0.081 	Dst/Theta/Speed: 	0.082247	-0.725283	0.426778 	F: 0.65 (3)
9.2: 0.095268	 -0.024637	 -0.892379 : -0.100	 0.035 	Dst/Theta/Speed: 	0.098402	-0.892379	0.426606 	F: 0.64 (4)
docking::objfun_: return value:  -0.382202

